9 28
65
62
91
60
89
68
74
75
67
5 6 6 5 10 25 17 6 9
17 14 22 24 6 7 24 9 23
8 12 6 21 21 15 9 21 15
12 14 14 11 18 20 12 7 10
25 22 18 15 20 10 6 7 5
11 17 15 18 24 9 20 16 12
9 16 15 21 10 18 13 20 14
7 6 22 21 14 20 25 9 15
22 12 18 23 23 14 21 6 7
15 21 21 20 12 10 9 25 14
14 24 9 15 5 23 10 8 16
22 25 16 23 9 16 14 11 14
16 13 8 22 17 8 7 6 25
23 6 10 11 22 21 13 10 12
10 17 22 12 9 25 16 24 6
20 6 11 23 14 9 10 21 12
24 24 12 11 22 11 16 21 23
24 13 23 15 10 25 20 5 9
13 16 8 8 10 24 10 9 12
12 9 9 15 11 13 14 12 22
25 20 7 22 13 9 23 20 20
21 23 13 23 7 7 16 14 13
15 24 14 6 25 25 7 19 23
12 17 11 24 11 11 14 23 21
22 17 5 21 10 16 9 21 11
22 16 21 23 23 15 10 8 6
16 14 6 11 17 5 11 16 15
16 25 11 14 16 21 19 15 6
