7 28
72
65
69
85
55
53
59
19 12 11 25 7 23 20
18 12 25 22 6 6 10
11 11 12 20 14 25 18
16 5 25 21 20 25 7
23 14 13 20 16 25 25
13 7 7 22 10 22 7
7 21 8 8 14 7 12
12 10 22 10 19 7 16
17 22 17 12 16 5 7
23 22 6 5 22 6 11
5 12 24 13 17 17 16
18 21 10 19 18 23 15
19 11 24 9 25 19 10
12 21 11 10 22 24 25
18 17 17 5 21 25 25
15 17 11 17 23 9 9
5 24 13 22 9 24 8
8 14 20 23 21 20 24
20 7 5 22 17 25 19
19 25 22 15 21 18 16
20 22 19 21 11 13 11
9 8 17 8 6 10 12
10 22 6 5 12 5 15
16 9 7 13 25 19 24
8 21 10 18 16 7 16
21 9 9 10 19 21 12
16 24 20 9 9 5 23
25 22 13 17 18 20 24
