9 20
99
98
76
55
86
80
56
73
89
14 15 15 21 22 9 25 16 16
23 9 24 16 23 20 17 25 5
7 13 6 25 8 11 8 16 16
7 10 8 13 7 20 22 19 6
11 22 17 19 22 15 7 8 18
5 24 22 15 6 14 8 6 13
25 9 19 10 20 20 19 20 20
12 12 25 5 22 8 10 22 14
21 5 16 18 10 12 18 12 5
8 23 23 11 22 11 18 17 23
6 23 12 11 6 12 18 17 25
18 22 16 15 15 15 9 22 11
22 16 25 22 5 18 25 6 5
10 19 5 10 12 13 25 16 5
19 16 5 13 22 9 14 11 21
22 7 6 23 25 7 23 11 14
17 22 5 10 23 10 24 11 6
18 12 22 23 20 15 12 6 12
10 13 6 23 16 24 12 13 15
11 8 18 18 15 14 20 14 13
