8 22
76
87
66
78
95
74
85
52
24 7 25 23 8 14 10 17
7 12 14 21 18 14 19 9
20 12 24 15 7 25 20 19
5 21 9 11 23 14 20 17
14 25 18 23 20 7 13 15
24 5 23 18 24 10 14 24
7 7 22 20 11 7 7 12
17 12 25 7 22 19 20 25
14 18 22 9 16 18 8 12
22 8 14 17 9 8 13 25
15 23 8 6 11 12 11 11
24 24 11 5 20 12 5 24
11 12 23 23 5 17 24 12
6 20 17 9 13 5 20 15
20 15 6 18 6 12 9 21
20 14 18 21 17 15 16 17
22 11 17 9 9 9 13 15
24 18 5 24 6 17 11 21
8 14 21 15 23 11 14 11
23 23 10 13 17 7 16 22
8 15 18 22 15 15 12 21
17 18 19 14 10 7 17 13
