9 25
88
65
69
89
83
69
84
53
54
10 24 5 23 20 11 14 11 7
24 15 15 13 5 12 12 10 18
12 24 23 7 17 12 17 9 14
25 25 21 14 16 22 6 16 22
21 21 7 6 23 8 19 9 18
17 15 25 17 6 8 6 17 19
6 21 8 9 15 14 20 12 18
21 13 12 25 8 18 12 18 10
23 13 23 11 23 22 12 15 23
24 16 6 17 8 13 11 12 14
13 15 8 5 19 6 8 23 8
7 6 11 14 22 25 12 7 23
11 8 7 5 21 12 14 25 17
13 18 9 24 22 25 20 23 8
19 25 13 17 18 12 14 19 15
15 18 10 12 23 17 14 24 7
24 13 10 7 19 18 25 23 15
24 17 10 20 11 18 12 25 9
14 21 22 21 18 11 25 15 25
8 10 15 8 20 5 9 13 19
25 16 7 22 5 12 9 23 22
19 5 21 5 14 12 8 13 23
13 15 6 13 7 5 17 13 5
20 18 16 19 25 17 11 14 17
15 19 19 19 18 6 24 11 9
