9 28
78
86
84
98
66
57
97
95
65
12 5 24 18 25 21 10 13 18
22 6 7 25 19 5 20 17 22
14 14 17 25 10 13 5 18 19
12 17 18 17 5 20 17 5 24
12 17 15 22 11 9 19 11 14
11 12 21 14 5 24 12 13 21
7 10 20 24 7 16 11 6 12
13 16 25 6 14 14 24 25 25
23 21 24 17 21 23 5 8 19
19 7 6 7 9 10 12 6 19
22 21 14 25 16 16 9 11 7
10 5 16 18 21 13 14 21 9
23 6 21 17 8 24 20 25 13
15 23 21 17 23 9 25 6 5
15 14 21 6 19 15 23 15 23
25 15 14 21 7 8 21 12 16
17 8 21 22 25 5 9 8 14
11 18 17 20 8 14 8 25 19
15 19 21 20 11 12 24 23 21
15 14 14 18 18 14 9 17 23
14 15 21 8 18 21 12 12 14
18 9 22 7 15 9 13 20 23
17 23 11 12 7 24 21 7 15
11 6 13 8 23 15 7 11 21
20 5 23 5 12 12 10 9 24
23 24 8 15 9 20 17 6 14
12 14 19 8 21 18 7 5 23
11 5 19 19 14 20 22 23 7
