9 25
76
92
74
53
74
90
85
77
82
16 12 13 11 14 23 11 6 9
8 25 11 12 9 12 5 12 7
5 22 11 24 9 18 8 16 13
13 16 19 22 12 23 14 21 10
15 15 6 21 7 25 6 21 5
17 10 10 9 8 23 22 6 20
6 15 18 16 22 15 12 9 11
7 5 5 7 12 10 19 17 14
8 25 6 18 19 13 19 14 24
12 9 22 9 8 12 14 24 25
15 20 9 25 18 18 18 9 21
7 25 22 5 10 13 6 5 9
23 20 16 24 12 13 22 16 22
24 18 13 18 21 19 22 22 19
6 20 24 11 19 8 14 17 23
25 11 10 25 19 5 14 7 17
17 20 6 15 14 18 20 20 20
5 20 17 10 19 5 18 5 11
11 24 20 22 8 20 14 22 9
16 17 6 24 10 9 11 10 6
10 6 16 22 23 15 20 18 10
25 13 14 12 21 7 24 9 6
9 14 20 7 8 15 7 7 25
10 19 8 11 22 21 18 17 18
24 6 11 12 7 10 6 16 11
