8 28
64
83
58
85
88
80
94
69
25 20 24 9 12 20 20 18
17 16 25 9 11 18 5 25
21 23 6 11 6 18 23 25
17 8 10 10 22 22 17 16
18 8 16 22 19 8 7 10
23 7 5 12 10 24 25 14
6 10 24 23 19 17 15 18
15 24 24 15 11 8 10 6
19 12 21 17 7 8 5 21
23 22 18 8 5 8 10 15
14 25 18 10 20 18 22 10
13 17 8 22 12 9 21 5
22 6 5 9 6 6 5 25
16 5 7 19 15 9 24 11
18 18 15 22 7 10 24 9
6 7 5 19 5 19 22 24
11 18 21 14 19 14 6 19
19 8 12 22 13 19 14 8
10 10 21 5 19 6 20 8
16 17 19 13 6 15 24 12
8 18 14 7 14 12 13 10
23 6 19 21 16 11 21 5
25 9 13 21 14 24 25 19
19 13 6 14 21 8 9 23
21 17 23 23 10 16 10 5
5 18 25 7 10 11 8 8
12 9 7 25 24 8 24 10
20 21 25 15 12 14 9 16
