10 27
99
93
73
56
71
68
62
93
84
78
8 17 7 20 21 9 24 22 7 6
11 7 12 18 5 7 25 16 21 20
7 21 22 15 5 25 15 5 12 12
22 6 19 20 13 11 12 7 8 23
7 10 16 19 16 9 11 24 25 7
5 7 20 19 17 9 9 19 24 14
9 8 14 18 23 24 5 8 6 20
14 16 18 12 9 9 12 9 7 6
11 25 8 15 21 17 20 13 17 12
5 15 12 5 10 18 22 16 9 23
9 24 6 25 5 11 19 25 20 6
23 18 10 7 16 8 17 13 21 10
18 11 12 22 16 8 5 18 16 9
21 17 23 15 22 25 21 21 10 18
20 5 8 18 21 18 25 23 13 10
21 10 19 12 6 16 24 22 18 10
13 8 10 16 7 24 18 17 20 22
18 11 17 7 19 25 19 18 13 8
23 25 16 17 17 10 15 22 18 25
25 11 7 5 23 5 25 10 18 21
14 12 23 23 5 19 18 21 11 16
18 11 18 15 14 20 19 11 11 10
6 8 7 12 13 19 20 25 14 24
7 5 24 7 9 6 14 17 20 11
12 21 13 15 21 24 10 23 6 12
15 25 8 25 19 7 19 20 6 25
14 8 23 10 16 15 20 22 13 17
