40 195
766
550
837
572
783
626
946
733
652
935
672
647
657
959
837
758
800
615
867
757
626
845
931
554
843
893
869
903
852
873
862
903
559
934
509
623
802
717
785
760
83 59 54 83 85 98 92 43 97 25 85 58 38 28 44 63 34 21 66 54 39 64 33 42 50 36 56 32 37 28 29 67 91 22 78 26 42 44 39 62
92 70 67 66 68 40 29 71 51 87 84 86 92 21 75 98 97 96 73 36 85 21 77 76 91 85 61 81 77 96 72 38 75 94 80 69 89 94 55 32
100 57 63 95 90 57 26 95 32 98 96 54 33 92 94 46 85 43 27 26 78 40 64 25 64 75 22 26 58 87 28 56 49 28 26 61 26 37 64 21
99 97 89 54 52 48 48 96 37 32 53 93 66 68 28 66 30 91 46 28 93 48 79 50 82 52 76 90 88 96 72 86 54 72 72 93 43 78 26 40
58 44 57 77 88 21 44 39 85 98 98 29 56 29 50 89 40 66 31 41 72 67 83 77 47 76 75 52 83 44 74 20 68 93 70 53 100 48 41 45
24 38 34 78 47 96 77 29 88 46 65 67 21 80 83 94 20 27 94 25 83 28 30 77 68 82 85 47 70 33 84 20 49 63 91 49 70 83 67 52
75 37 62 35 50 52 80 26 70 77 66 53 21 53 23 49 49 55 34 59 56 60 69 41 93 44 29 24 34 64 37 45 21 60 28 42 44 39 32 30
55 79 83 76 89 91 32 36 64 44 73 46 37 88 40 64 61 65 89 40 77 62 67 31 74 72 86 100 43 56 78 94 25 57 61 57 47 96 65 23
22 68 37 36 86 81 97 62 70 88 30 76 44 82 57 96 100 78 62 46 80 53 71 32 39 91 95 31 29 86 39 67 25 33 38 53 23 57 38 33
32 48 43 88 60 64 85 54 35 49 82 92 52 35 88 43 72 32 26 100 52 76 49 65 97 61 71 52 26 50 22 80 68 89 35 50 88 38 57 78
26 40 43 52 56 79 60 71 27 63 39 79 82 77 91 31 71 53 34 45 96 66 46 89 72 54 27 68 36 67 81 46 48 80 39 50 87 42 42 99
35 42 24 75 73 24 87 43 56 91 94 83 76 67 97 98 81 22 57 66 61 32 85 76 91 65 25 57 94 30 48 37 56 37 27 72 41 86 25 80
74 56 63 82 74 34 77 54 97 47 43 85 87 58 45 66 56 99 25 95 73 66 28 78 71 21 33 59 41 86 25 52 95 36 47 38 34 22 99 70
64 61 44 58 76 49 73 67 29 63 60 29 50 63 29 53 89 94 41 51 47 53 22 37 90 22 43 70 55 96 28 97 97 45 83 44 25 93 77 50
42 57 54 43 84 91 83 95 58 93 21 63 24 72 41 38 72 62 32 64 53 65 74 67 91 26 67 46 47 22 90 53 21 100 89 30 49 56 20 48
88 39 98 44 47 63 45 65 55 60 40 94 34 59 81 35 26 34 68 90 92 23 42 70 43 53 29 42 48 30 23 25 35 42 31 95 32 73 42 56
42 98 36 33 57 21 74 73 21 63 25 88 95 31 25 85 59 81 42 67 56 71 26 32 25 26 98 78 35 52 34 89 20 83 28 56 31 93 83 43
42 94 51 40 86 28 92 44 75 27 66 76 64 65 60 76 81 41 39 84 93 71 57 67 82 80 58 43 44 57 83 56 45 34 27 24 40 53 52 69
29 27 93 88 33 70 55 23 93 82 85 29 78 95 54 97 81 43 60 37 36 79 87 99 74 35 95 40 50 40 32 49 51 93 37 89 75 94 53 94
51 41 55 50 75 81 23 84 89 97 32 68 100 95 71 77 34 82 87 30 90 31 27 59 60 44 33 83 79 89 23 39 61 94 81 79 84 30 88 27
54 21 48 45 75 48 94 61 92 83 71 30 32 89 42 38 67 84 53 98 98 82 100 54 74 28 56 44 27 87 32 97 28 66 91 95 21 55 87 68
67 47 28 85 93 69 81 22 55 27 61 65 58 56 68 66 94 59 23 77 27 40 79 87 52 88 44 41 28 29 41 34 24 80 90 66 24 49 71 28
36 35 78 77 97 56 37 34 21 66 65 73 59 28 66 59 51 34 62 28 49 70 95 96 84 74 30 63 57 40 25 82 84 62 58 96 94 27 58 20
78 36 27 27 53 22 56 26 85 26 90 71 71 96 99 100 47 26 33 67 43 55 38 66 23 94 38 78 30 30 23 23 43 60 63 21 75 77 43 75
79 35 55 91 73 93 37 42 38 99 31 25 73 71 80 92 93 77 56 43 60 22 65 59 23 62 28 20 56 37 21 39 39 66 36 40 95 49 56 96
46 85 94 40 30 86 67 61 57 25 40 59 37 29 95 98 20 28 69 48 62 87 93 58 35 47 55 35 81 30 48 39 38 99 69 95 29 87 38 52
31 81 20 36 77 66 86 72 92 22 51 55 34 86 57 31 64 97 54 96 89 72 96 34 44 80 77 33 69 81 78 29 39 58 59 88 44 85 52 33
72 96 43 81 66 84 76 57 75 30 93 84 23 23 53 68 89 71 92 97 23 54 34 25 83 40 45 91 36 72 85 58 26 45 40 91 39 39 31 82
27 42 75 30 65 53 48 46 37 45 91 65 77 66 64 43 32 29 83 41 35 58 37 34 89 54 90 55 37 54 79 67 83 81 97 20 37 43 70 77
25 97 55 40 42 36 75 93 81 97 25 67 92 95 54 33 56 20 42 69 39 56 35 47 89 43 59 30 24 71 85 83 62 37 42 25 32 36 72 100
75 27 30 67 32 53 43 26 84 36 43 31 92 93 60 94 39 39 72 57 72 36 52 60 47 88 92 43 65 94 42 73 53 88 94 36 21 40 73 62
57 61 38 99 87 41 55 81 65 31 36 86 27 61 43 96 43 93 81 92 62 99 44 59 35 24 38 24 93 64 40 70 53 78 23 51 43 86 58 62
59 61 75 22 94 55 21 100 26 35 100 55 54 100 58 48 22 51 35 56 84 43 65 59 35 33 94 24 30 51 35 72 56 47 43 29 78 53 91 91
54 53 42 54 58 33 97 93 74 67 37 64 43 62 68 57 79 86 56 78 62 57 70 47 50 68 47 91 27 88 89 58 82 36 60 61 30 61 42 42
86 47 76 87 76 24 74 39 34 45 21 46 57 70 100 95 39 26 65 96 87 37 96 22 55 47 62 34 23 97 95 55 56 20 39 25 90 53 66 86
46 99 74 42 99 31 50 73 85 54 49 99 60 21 32 50 63 37 97 67 47 49 25 36 65 94 44 99 21 49 67 23 53 79 37 30 41 59 65 31
100 78 49 48 76 67 78 84 32 93 20 47 55 67 70 85 99 78 30 57 67 93 32 61 26 29 31 81 77 93 59 55 30 22 76 34 69 40 58 69
77 69 46 87 57 67 51 91 29 65 62 37 27 47 53 95 20 75 37 70 83 97 99 47 76 37 85 62 55 21 59 68 55 74 81 66 89 98 82 32
100 63 39 57 38 57 82 71 82 97 48 58 96 89 85 91 26 85 89 96 65 69 41 56 84 34 47 38 60 88 62 65 61 76 95 67 30 61 67 93
66 25 68 40 25 39 94 20 86 60 94 86 80 43 92 55 30 82 66 82 50 76 46 83 93 39 55 53 55 71 55 50 69 97 50 48 58 90 63 99
20 56 34 75 65 74 41 92 44 63 28 20 21 79 71 84 65 45 31 99 42 20 80 31 22 36 87 58 90 42 64 75 47 66 72 27 63 85 44 88
43 83 28 95 38 46 66 51 52 62 33 77 36 77 94 44 52 26 35 21 30 54 32 93 78 44 77 32 75 33 100 58 78 29 38 94 33 45 74 57
63 29 71 87 23 41 62 65 61 32 23 79 66 93 41 23 62 80 62 62 64 33 63 86 91 66 88 99 75 100 72 51 35 53 41 31 69 92 69 22
46 48 21 36 67 30 74 87 94 26 36 30 60 59 69 49 99 65 65 68 60 71 83 42 83 27 43 72 44 40 45 67 53 36 68 30 52 71 53 35
91 71 84 23 90 89 87 73 35 70 69 33 38 70 88 80 47 51 57 96 48 66 71 43 29 54 73 28 48 80 45 27 86 42 38 24 34 91 49 71
50 87 95 90 49 38 43 44 97 54 62 48 82 80 78 72 36 96 32 87 39 98 84 43 35 54 91 62 50 53 29 69 64 56 52 100 52 100 82 76
100 96 88 79 39 73 97 59 27 45 40 49 86 20 87 87 53 35 76 96 78 56 35 92 40 68 77 73 100 49 90 69 22 98 84 39 90 100 99 22
38 24 36 96 96 96 99 42 92 21 22 81 43 75 52 85 83 34 42 61 76 61 98 28 65 37 79 74 92 61 39 51 91 78 48 88 99 52 71 73
64 53 31 50 63 97 66 84 23 35 89 93 42 98 35 91 45 22 49 43 36 100 21 92 57 71 76 72 44 39 52 35 64 52 59 79 82 94 98 44
78 67 68 53 56 50 72 54 46 45 44 28 20 91 99 91 44 29 98 35 25 67 58 38 91 59 50 26 55 23 74 98 88 21 87 74 95 23 52 87
64 73 78 72 99 45 55 99 47 86 45 98 65 43 56 70 80 66 76 82 39 68 24 71 52 34 97 98 26 98 96 96 20 44 34 75 95 88 39 52
71 75 40 56 86 84 44 46 83 66 59 52 40 82 42 35 68 88 68 98 83 82 48 86 45 76 83 59 97 73 96 94 95 43 98 33 94 78 59 29
93 74 71 52 36 42 31 88 58 70 80 86 48 83 54 82 39 62 83 83 33 96 24 43 20 81 31 21 73 80 65 57 91 56 39 62 95 46 56 66
64 89 41 31 48 75 81 37 91 31 97 77 53 55 80 32 56 73 85 73 95 86 83 49 88 91 61 65 57 41 33 72 32 36 54 45 93 66 48 80
87 32 84 27 25 67 94 45 99 32 45 32 66 83 75 40 22 28 91 70 71 63 56 85 23 21 50 43 77 76 75 91 62 98 77 85 58 71 44 35
21 49 70 96 44 57 28 30 53 80 85 64 22 29 54 24 33 78 38 92 40 22 50 100 44 72 84 92 86 78 45 32 96 96 72 52 45 83 68 91
40 54 26 85 57 30 32 80 69 36 93 87 51 83 49 75 82 32 77 73 70 64 20 29 77 62 33 35 78 81 60 78 97 63 78 52 50 96 55 89
79 90 72 35 75 63 67 93 52 98 79 95 75 25 51 55 72 53 89 99 94 93 75 33 96 68 38 45 27 93 88 44 33 62 40 37 99 68 69 27
47 43 39 82 60 30 67 63 93 100 78 35 57 71 37 79 38 64 92 61 81 31 94 77 65 43 96 34 82 66 20 97 42 82 87 81 67 27 57 77
75 28 26 91 77 20 44 51 81 96 54 47 90 65 92 95 26 41 57 84 79 27 69 100 27 26 35 64 78 79 84 56 94 55 20 52 96 100 35 51
20 24 41 65 29 77 70 22 72 21 64 49 71 82 90 42 92 43 86 53 89 49 44 63 45 68 95 42 23 62 25 58 29 81 76 78 50 82 31 97
27 63 60 40 59 48 38 61 76 40 27 21 49 63 27 35 79 38 78 85 47 46 85 92 75 32 36 54 75 27 36 83 81 56 82 22 94 53 70 45
23 93 38 23 36 56 83 50 53 56 62 46 63 93 69 98 67 54 25 27 40 66 67 49 88 62 70 67 87 70 76 54 20 99 86 93 29 26 26 36
39 43 77 72 49 87 66 95 69 82 65 84 89 22 78 71 38 94 72 69 30 95 92 50 61 81 93 27 72 50 79 89 68 67 99 47 44 59 81 71
68 22 94 36 26 20 37 44 59 50 80 79 21 82 88 51 30 51 27 66 72 47 44 75 20 60 30 60 67 92 37 79 36 35 93 46 32 72 28 68
25 100 53 69 29 27 82 96 42 26 45 48 91 97 69 58 93 52 28 20 40 81 56 51 38 59 39 20 23 30 93 84 75 28 22 38 64 95 60 51
34 29 53 35 32 67 20 28 58 85 46 86 22 29 80 64 62 64 35 95 100 72 56 33 75 37 62 38 48 44 34 57 28 22 20 90 52 53 80 54
25 29 78 29 48 96 100 81 52 69 49 84 88 43 29 59 59 85 57 44 79 54 28 58 95 30 76 36 85 21 49 58 62 74 69 94 72 59 62 47
99 81 49 41 78 78 30 27 59 71 48 72 55 42 30 88 23 36 93 57 91 56 33 95 84 54 40 81 78 22 90 79 48 61 28 94 46 27 88 80
48 29 57 98 40 29 47 99 54 84 63 96 44 78 66 54 45 78 20 62 35 21 43 31 29 41 48 80 79 31 84 20 89 42 100 70 94 58 89 55
70 44 54 82 29 36 57 86 72 31 83 44 45 58 58 41 46 94 62 70 92 70 72 93 46 93 94 46 40 25 21 67 45 93 56 39 48 66 65 91
24 68 49 67 44 95 97 38 100 75 30 51 96 33 68 34 38 64 26 53 54 100 61 21 41 44 31 61 23 68 67 75 23 87 68 26 37 69 84 72
57 83 53 75 37 66 30 52 25 55 94 26 25 21 81 42 76 29 93 21 37 94 43 49 35 96 22 83 66 63 63 23 50 50 60 39 63 89 25 97
85 28 50 91 68 71 33 45 27 56 96 61 86 92 21 63 95 56 81 31 75 29 28 42 38 21 58 22 69 52 48 26 48 73 77 89 38 95 61 72
45 52 95 30 24 90 22 83 91 40 100 83 87 92 69 76 85 90 89 25 69 47 75 29 35 23 35 98 88 75 60 42 62 100 90 99 100 97 27 49
97 89 33 71 53 27 23 37 61 78 92 26 43 40 90 24 94 51 40 68 27 66 26 71 46 79 37 31 28 77 22 77 69 91 95 70 95 35 42 94
33 64 70 24 98 91 94 45 52 54 97 35 31 92 21 34 43 22 65 35 33 50 38 34 32 42 73 94 39 61 91 56 98 85 38 27 61 79 59 59
88 99 63 39 39 78 54 25 38 76 82 67 30 94 63 57 94 77 81 81 21 81 82 96 71 43 88 38 75 59 51 46 26 28 75 64 77 99 24 62
80 87 71 61 74 50 53 64 83 49 59 25 49 66 51 23 72 90 30 42 100 46 74 27 29 92 50 51 48 71 99 81 23 36 72 67 61 79 90 71
59 99 67 100 75 24 69 84 88 45 76 30 53 26 36 79 62 75 45 33 95 23 25 82 79 76 66 25 51 36 20 90 43 87 88 99 58 95 46 45
64 42 50 39 75 55 22 98 68 89 49 97 99 51 97 44 46 31 98 23 48 57 78 82 30 71 96 43 63 22 90 99 98 81 21 71 53 21 32 27
93 27 28 35 73 85 76 56 34 56 26 53 91 30 53 46 95 44 41 57 93 20 43 75 55 52 21 23 97 48 20 41 47 74 49 75 43 38 73 30
55 87 95 50 91 57 24 46 89 43 51 85 39 79 65 26 42 89 33 99 37 81 65 26 28 74 25 32 78 68 51 86 40 61 60 96 33 58 23 67
60 97 62 41 65 52 46 83 41 70 65 86 86 83 39 38 51 49 74 84 66 43 95 77 99 69 65 52 43 62 53 53 42 37 67 55 66 42 80 100
39 58 82 93 80 54 95 34 48 36 66 33 46 83 33 94 54 38 23 61 43 57 50 60 48 44 83 30 90 77 38 48 41 21 81 88 97 76 30 39
58 26 70 63 61 24 61 56 99 33 44 40 62 79 61 54 49 57 91 96 25 65 62 99 43 86 96 83 89 61 30 49 26 63 68 32 97 75 67 99
86 78 98 66 76 26 79 66 22 47 48 44 21 81 78 100 39 91 49 81 67 50 70 44 96 69 41 39 46 97 33 25 73 79 40 43 81 93 64 98
84 57 20 44 29 80 65 27 31 26 55 54 56 62 85 81 40 86 35 43 91 87 27 81 73 31 23 28 34 57 97 96 25 29 72 98 24 90 62 62
39 93 67 60 51 33 23 75 49 49 22 82 57 27 59 53 66 76 45 34 96 31 75 81 24 55 70 94 35 46 91 84 47 72 56 63 76 59 77 29
37 48 29 98 57 61 63 56 82 69 23 66 22 53 44 58 45 95 88 32 66 72 30 90 84 21 99 50 74 61 99 45 40 48 59 57 41 41 64 60
37 52 57 96 56 85 83 45 24 100 24 76 91 80 68 39 62 39 93 73 58 92 49 24 66 67 33 34 57 69 79 63 70 45 20 49 80 73 41 52
31 70 48 78 24 29 76 62 40 81 36 48 39 46 68 95 87 33 47 91 20 78 32 28 53 100 81 76 37 59 79 75 26 35 98 83 50 25 46 57
76 89 30 98 42 84 50 24 51 91 82 85 85 68 50 80 25 86 99 86 67 96 38 90 66 35 37 77 75 36 66 37 57 75 100 81 30 88 53 73
42 20 50 73 84 29 82 64 40 71 27 71 51 39 34 83 70 51 59 89 97 96 22 20 65 30 70 42 27 32 35 42 25 98 59 44 53 71 99 32
71 32 90 75 58 26 89 69 33 53 51 62 57 55 77 69 29 69 85 75 83 87 63 21 27 39 97 71 80 97 60 61 59 64 83 46 100 95 70 30
50 52 32 74 70 34 63 64 57 56 69 57 93 55 63 92 31 47 57 76 64 21 31 30 25 44 61 86 45 30 25 57 31 96 44 29 42 56 82 71
92 25 41 52 49 87 24 35 78 82 77 44 91 77 24 22 73 83 79 77 41 90 53 89 57 80 70 43 35 34 20 36 41 51 29 39 22 71 36 58
41 54 40 60 69 42 100 48 24 72 45 66 93 27 44 96 62 45 86 61 60 67 27 31 89 78 46 61 32 91 30 72 28 23 56 36 92 42 25 95
36 37 25 23 54 35 36 52 48 84 92 35 21 46 65 67 86 35 24 75 66 88 100 34 75 43 92 66 41 33 56 81 51 55 73 86 77 79 88 94
67 100 32 88 37 75 21 49 61 32 27 54 22 97 87 98 30 80 24 40 43 92 69 76 55 81 48 34 38 29 32 25 64 40 63 62 56 63 41 79
27 97 98 75 63 90 95 24 65 48 32 95 52 65 67 68 90 42 80 46 30 46 51 32 51 47 35 50 23 23 85 75 23 21 24 75 63 32 91 72
79 36 29 76 85 41 56 74 40 96 71 57 66 29 20 67 22 52 41 75 85 42 71 38 42 57 79 20 53 97 65 42 30 41 26 24 61 50 97 65
82 70 90 49 80 43 25 89 100 42 20 39 97 70 26 80 30 46 89 72 80 31 28 76 70 69 78 82 97 65 24 68 59 68 67 24 22 29 60 100
69 40 46 92 69 43 48 88 59 60 25 67 41 88 22 51 45 50 21 21 38 20 89 69 50 36 92 96 29 54 37 44 42 24 39 83 56 82 27 67
31 98 45 79 41 82 98 95 64 95 36 89 91 89 75 73 83 62 72 31 49 57 34 86 92 50 40 35 72 80 100 71 20 33 34 57 90 22 34 83
68 41 33 55 31 44 95 59 40 72 48 48 90 25 70 20 20 36 47 62 49 23 46 22 32 95 38 92 31 39 33 49 32 49 21 30 65 21 90 80
31 39 92 90 76 100 21 48 88 56 98 25 30 97 78 66 89 36 23 67 82 73 45 61 46 62 77 34 68 68 55 27 32 32 82 55 34 46 45 67
38 55 44 75 37 79 22 81 68 94 74 26 61 72 26 26 85 44 56 67 66 67 70 54 63 84 53 31 21 46 22 20 93 84 44 54 56 51 93 100
47 52 97 51 20 77 95 72 74 20 89 75 42 33 34 74 85 90 29 93 22 34 72 39 68 74 25 63 90 79 68 29 91 31 30 89 45 57 85 62
57 27 49 25 66 86 45 26 53 77 74 59 78 99 66 44 22 97 77 85 40 96 76 94 82 55 25 26 35 24 96 35 86 26 38 27 61 81 69 31
43 81 34 55 55 22 72 61 24 86 66 45 73 77 37 78 56 25 93 45 88 24 95 31 82 34 98 93 95 94 95 23 66 42 46 57 45 35 39 65
25 44 54 37 53 74 27 49 60 88 36 83 81 37 32 29 21 81 76 49 66 46 45 28 100 90 32 87 96 82 39 71 91 85 92 94 83 45 81 71
42 99 56 65 71 68 97 37 45 55 22 82 34 96 61 87 92 30 94 69 27 27 84 77 81 89 100 80 75 30 22 22 85 61 53 24 28 72 96 83
63 54 29 51 64 67 68 23 97 88 45 35 96 72 96 53 64 47 72 76 47 20 72 98 27 83 54 51 82 21 51 64 100 73 97 37 98 43 96 51
65 41 42 94 46 51 86 54 51 88 52 84 55 74 32 67 89 20 97 49 74 32 31 20 97 36 88 80 68 51 76 63 94 71 45 82 58 46 44 46
31 93 31 78 51 20 98 46 84 56 33 97 34 57 38 68 70 26 72 47 36 66 87 49 75 60 97 97 64 96 96 63 56 92 71 57 61 99 89 51
63 53 81 43 83 69 71 50 39 95 98 34 37 61 48 43 44 73 43 35 80 41 50 39 57 48 61 60 59 48 65 75 90 45 92 36 40 54 87 98
43 23 46 76 22 34 86 31 65 100 36 54 32 52 84 33 23 52 93 23 40 36 46 40 56 47 100 28 63 43 28 29 27 93 86 48 82 87 97 100
84 44 43 79 88 28 46 57 69 48 64 57 57 37 82 55 27 48 41 69 38 92 42 29 31 54 98 92 37 64 64 36 71 67 26 51 80 86 88 55
93 35 81 38 23 88 81 82 33 88 88 67 97 79 33 92 44 84 69 91 76 100 87 26 41 84 96 55 21 44 99 43 87 30 61 44 68 37 79 96
96 57 53 43 45 95 62 66 30 75 60 98 95 55 31 48 25 27 83 60 84 89 86 28 96 83 30 20 34 55 91 77 84 92 60 34 45 66 100 42
37 44 79 60 70 34 55 59 32 90 50 37 98 91 32 84 20 89 85 63 35 40 98 92 57 64 31 40 90 37 47 61 89 72 75 36 58 39 21 96
59 25 36 36 70 31 67 66 68 91 32 97 83 99 81 77 84 53 52 48 80 49 24 86 27 54 38 71 97 64 74 68 90 96 53 43 68 45 44 64
64 24 32 86 71 60 38 62 95 37 40 75 72 62 86 84 29 83 80 89 83 32 96 85 35 26 95 45 53 80 82 61 44 44 53 46 56 74 55 48
35 52 72 38 84 72 81 25 57 83 37 68 64 83 67 56 24 50 56 93 46 33 24 83 45 46 75 47 70 94 56 32 72 55 95 76 76 20 94 77
34 60 91 56 76 57 65 83 73 99 31 89 46 75 38 92 68 73 36 53 53 54 43 24 51 55 69 70 42 30 58 75 97 75 59 67 98 61 97 26
56 65 60 53 47 74 31 31 30 23 56 92 84 72 72 52 53 26 67 65 21 41 28 58 43 85 29 23 69 21 66 89 95 21 42 31 30 77 41 94
75 55 63 80 63 64 28 88 32 75 83 40 82 21 20 80 21 32 85 81 79 69 73 41 92 91 76 74 47 47 55 100 47 70 90 39 20 54 85 40
86 23 79 96 74 65 44 36 42 43 35 65 51 92 45 41 98 39 34 97 70 79 47 41 25 83 62 91 81 87 69 92 36 99 57 53 27 39 33 77
33 91 55 94 25 22 47 64 87 77 76 83 78 62 37 20 63 40 48 68 34 98 77 80 93 84 78 92 78 61 58 33 71 27 32 36 28 33 47 78
88 56 100 52 47 95 30 82 33 30 90 28 22 29 76 78 42 89 96 97 99 99 26 66 54 95 50 73 81 31 85 20 90 43 31 44 83 87 73 61
27 70 85 75 21 94 37 44 33 42 25 29 87 56 50 31 59 85 41 84 27 38 56 98 72 88 88 77 89 33 94 26 90 82 64 86 56 34 43 20
89 100 92 38 30 32 92 32 25 63 49 74 79 63 97 32 66 77 36 74 97 28 85 44 29 39 33 70 36 22 62 63 99 43 85 88 38 45 66 97
94 92 55 43 71 50 37 62 50 63 81 22 30 31 96 62 90 34 69 60 99 46 50 47 72 37 69 34 49 22 33 66 89 88 96 26 95 91 21 65
95 67 88 45 86 38 84 74 36 54 41 29 37 95 61 42 29 42 34 42 39 65 32 21 80 86 92 67 100 55 68 92 48 69 68 33 49 69 26 73
59 48 21 56 83 90 85 35 49 77 88 38 67 46 23 25 61 88 99 71 26 52 48 53 60 33 32 78 36 22 44 24 91 71 33 86 57 29 21 82
34 46 34 64 22 73 66 99 20 23 79 88 78 27 48 34 43 72 46 82 66 76 22 36 62 21 52 25 91 90 100 62 63 20 82 88 69 32 21 46
34 99 47 52 64 81 22 85 54 61 43 25 81 22 60 33 60 32 44 83 20 70 73 46 86 81 91 51 25 82 24 24 57 37 88 49 92 36 69 53
31 69 22 95 83 35 52 47 39 92 84 39 39 65 67 51 36 42 24 89 85 70 92 27 59 69 89 59 31 91 99 22 65 34 64 24 52 31 28 32
33 57 40 67 45 50 68 73 97 23 94 87 74 63 43 21 48 87 34 37 76 34 37 91 66 38 58 72 34 79 97 69 98 64 60 93 69 94 79 52
85 89 28 21 79 58 84 20 47 39 64 81 53 88 83 62 100 33 99 63 40 57 61 84 35 97 37 72 42 44 41 82 59 52 64 27 79 27 94 59
94 79 52 75 60 24 51 67 90 54 65 55 72 55 48 97 35 97 61 46 22 24 81 67 81 41 91 44 89 64 39 98 33 67 69 61 55 47 41 82
68 47 44 57 84 73 40 75 55 24 88 91 39 57 38 82 93 86 38 39 84 98 83 30 57 87 59 45 44 24 54 88 48 69 49 54 33 82 67 22
59 70 62 69 90 27 73 28 54 58 50 33 39 46 100 34 59 91 87 86 56 79 92 63 81 60 54 26 49 20 60 43 24 51 89 41 92 90 54 35
31 64 98 84 58 42 37 44 42 74 71 83 27 96 86 43 92 25 57 48 75 29 54 58 54 63 69 100 85 43 88 91 42 97 62 51 68 75 32 50
60 43 58 96 89 36 73 47 30 27 87 60 22 63 85 86 77 99 76 65 59 77 43 37 89 95 72 70 62 33 97 25 90 46 57 77 45 31 71 55
75 80 36 35 49 25 81 68 32 34 84 70 68 44 100 30 64 52 38 50 77 39 87 83 93 48 40 45 57 96 41 61 45 87 56 61 31 68 35 53
40 97 79 86 43 92 67 75 52 55 98 91 77 88 36 43 30 83 42 62 82 82 92 42 34 64 58 38 89 57 85 29 31 27 28 99 89 87 56 92
95 56 75 20 65 83 56 73 93 84 44 43 67 87 56 63 76 23 79 88 34 60 80 21 84 50 99 27 82 22 88 29 23 52 86 22 25 37 30 74
87 56 28 86 26 75 83 58 100 36 27 70 27 53 67 96 33 63 37 75 78 62 82 42 78 95 93 30 66 80 83 23 53 57 50 63 75 26 33 83
23 68 75 72 74 23 74 51 48 66 92 29 65 33 52 47 47 24 99 73 37 59 49 81 94 75 63 43 21 26 31 60 34 64 83 37 56 63 79 36
73 24 35 92 97 55 78 74 25 48 33 60 83 44 83 53 84 78 25 42 73 36 97 93 32 97 60 99 87 56 61 89 79 65 34 80 73 51 47 44
26 28 20 52 59 44 58 63 34 50 35 71 98 33 96 95 29 61 84 60 50 57 25 33 35 93 66 90 86 76 82 45 89 100 95 75 49 34 75 67
70 39 24 50 47 76 48 34 37 25 69 65 66 58 53 28 66 30 26 81 80 29 35 99 21 92 47 82 87 72 41 45 62 55 58 33 31 80 64 54
94 47 57 47 63 71 30 100 65 63 75 97 100 22 45 24 87 64 41 59 28 86 93 79 41 89 50 67 63 27 51 86 35 80 39 25 46 53 86 71
40 90 35 96 43 29 69 74 41 86 24 42 63 21 26 73 36 91 86 48 76 92 90 58 67 45 84 82 87 77 31 86 27 21 27 36 29 75 38 61
66 36 41 52 97 35 53 81 28 46 98 96 39 51 31 96 55 75 72 42 41 38 64 44 34 61 54 39 83 67 44 59 46 89 78 65 60 20 48 89
94 30 66 80 38 31 60 43 23 92 48 54 96 32 86 57 74 26 81 40 67 77 51 99 42 52 83 59 33 88 51 84 31 44 61 79 49 45 79 61
30 41 62 36 54 73 88 67 62 100 20 63 72 50 77 30 50 82 91 74 27 67 70 44 25 90 48 62 32 51 91 97 63 94 82 98 75 24 33 78
23 39 55 88 99 98 83 86 36 47 62 63 35 40 26 93 27 57 93 52 23 57 98 34 70 87 94 87 89 95 94 97 84 49 35 58 40 98 44 30
87 62 29 41 79 87 69 84 41 100 59 92 46 45 62 86 79 90 51 82 85 51 88 28 38 64 70 27 34 21 62 74 50 92 39 32 54 23 59 82
63 42 80 61 75 79 37 35 34 78 90 21 88 43 84 82 33 68 67 50 33 31 24 59 98 68 47 88 88 43 87 94 69 61 88 37 35 50 51 69
87 35 38 70 34 57 54 88 76 25 62 22 83 26 21 43 80 38 37 38 97 72 99 27 87 100 28 36 76 68 46 41 38 23 62 34 67 99 64 85
40 21 63 94 35 23 89 23 60 45 35 74 87 74 63 41 72 41 54 35 42 72 73 22 78 50 57 77 94 85 48 41 72 48 88 31 37 30 69 47
63 63 74 46 67 88 65 36 98 70 54 40 30 51 78 77 49 89 46 75 40 74 82 87 24 48 27 84 99 48 51 99 72 70 100 96 62 84 94 36
87 84 79 52 43 80 99 30 77 92 78 57 83 96 68 87 71 68 45 44 85 96 73 90 54 84 96 46 21 41 57 96 83 89 100 33 85 77 43 73
93 30 88 85 57 78 96 45 51 92 22 31 84 47 41 47 22 85 51 87 61 73 94 50 91 79 34 60 23 86 94 62 66 50 36 75 100 66 35 91
42 79 25 71 29 69 81 74 92 38 21 69 44 81 46 97 91 37 62 39 41 100 47 95 20 49 45 43 58 76 70 54 55 72 82 96 33 37 70 45
70 40 30 28 57 84 81 27 84 39 82 33 22 91 80 91 97 97 84 60 66 77 75 58 50 85 27 37 57 26 56 92 36 60 74 72 21 71 92 24
74 90 29 46 25 88 70 52 87 24 98 93 47 34 55 50 92 93 62 84 77 97 42 95 73 87 25 26 55 37 53 66 23 73 56 53 51 33 82 24
39 77 96 81 98 25 85 56 61 35 24 33 85 100 32 70 69 93 46 91 74 79 39 32 85 93 25 97 41 34 64 85 73 57 45 28 35 89 69 90
80 97 31 92 78 88 97 84 86 38 77 26 29 58 53 61 74 55 70 90 67 39 43 22 90 55 63 52 71 45 100 26 38 42 42 51 62 67 74 74
46 70 56 95 27 26 32 60 100 24 78 24 34 35 79 65 61 86 56 94 48 42 47 83 46 88 86 74 92 25 49 82 27 25 34 22 50 34 24 55
41 100 59 27 60 41 52 61 56 69 67 41 96 70 64 20 64 85 68 81 65 47 75 76 25 80 24 88 99 57 78 96 52 68 76 41 58 32 44 52
26 64 69 93 84 86 89 67 77 29 67 90 78 73 98 66 86 82 35 44 42 95 26 70 28 23 94 47 61 39 36 80 46 28 50 76 25 43 82 99
37 24 51 94 67 50 37 77 65 83 84 52 24 63 46 99 60 88 91 49 53 95 40 60 85 92 94 84 96 33 29 39 73 68 76 52 90 67 61 96
68 22 39 43 56 98 97 86 40 43 43 33 25 93 93 49 53 32 29 77 57 40 97 86 21 61 68 48 41 100 45 41 46 59 32 54 68 28 54 53
21 71 34 45 24 64 68 37 49 79 32 54 78 27 67 40 43 65 36 100 52 88 58 57 74 82 62 43 28 91 99 53 54 65 20 29 32 22 25 61
75 88 29 78 47 72 65 90 95 22 90 52 99 61 34 89 97 64 64 65 59 69 95 45 40 87 36 59 29 55 56 91 36 27 22 28 87 85 91 80
26 83 34 69 75 74 90 79 72 21 72 20 60 74 33 75 86 88 24 98 92 47 67 77 39 23 86 23 46 80 56 66 82 88 21 25 40 87 39 30
99 98 63 41 30 89 59 56 22 65 98 76 90 77 60 65 33 97 36 85 41 29 68 86 49 64 28 92 39 20 30 30 27 72 21 27 38 62 47 65
71 60 86 77 71 44 28 64 35 29 83 27 90 41 35 81 31 90 34 77 55 77 94 31 32 73 81 49 89 96 93 25 24 20 29 24 49 54 80 44
34 40 80 38 64 33 71 59 47 58 64 34 82 80 65 37 38 36 64 58 67 92 39 60 89 91 98 60 75 80 51 64 94 37 24 96 40 63 25 88
36 41 49 25 69 96 98 55 65 99 29 23 64 22 26 93 88 66 69 69 65 37 38 70 93 33 23 65 37 31 28 98 87 79 95 27 27 58 37 29
30 72 37 87 67 77 97 25 79 71 90 22 31 100 30 60 35 37 78 58 37 30 52 36 46 50 75 88 57 59 56 42 44 84 84 96 37 83 87 74
95 36 83 41 47 28 51 25 50 51 47 21 67 85 61 23 31 70 100 82 54 21 66 51 92 66 67 56 80 54 51 35 62 37 54 96 63 98 93 76
65 45 41 85 24 55 26 39 41 74 91 43 89 80 23 32 84 35 33 80 31 57 59 67 92 94 98 21 85 23 67 35 58 43 47 83 48 71 75 54
89 97 32 80 21 37 93 88 27 43 87 28 66 45 30 88 35 58 71 71 36 38 100 50 87 92 43 30 85 50 57 22 35 89 84 32 98 34 79 81
92 31 31 80 94 32 48 46 74 81 69 73 60 24 90 95 64 46 83 83 64 42 100 25 50 62 38 40 79 71 69 62 98 93 31 20 73 54 50 43
53 28 98 30 65 83 67 50 80 82 90 21 87 74 79 96 70 22 62 37 70 30 73 95 91 70 84 99 75 76 34 91 60 21 73 88 84 89 43 77
31 97 53 67 45 51 67 28 21 43 58 78 69 42 68 55 64 53 80 69 36 93 88 81 33 28 62 62 21 35 82 81 44 94 45 49 39 86 91 34
43 95 36 60 31 56 42 94 52 25 45 23 47 54 53 93 74 80 88 68 22 72 98 76 72 27 33 82 38 39 44 100 56 67 80 81 92 20 24 31
91 35 96 40 22 98 85 37 94 91 79 25 100 98 74 50 99 34 96 46 71 64 78 84 67 36 41 66 26 95 65 62 58 25 27 43 95 57 60 66
74 27 95 55 100 76 52 44 86 50 60 32 79 27 57 78 59 41 71 65 35 71 42 62 81 60 94 93 51 51 22 81 68 66 47 68 77 57 96 76
50 79 39 83 81 56 89 28 44 75 25 68 35 37 76 55 65 27 60 71 73 98 35 95 81 70 31 42 20 20 31 51 40 39 82 20 27 55 25 24
