45 190
810
661
743
737
571
626
827
801
985
835
661
647
910
927
685
672
777
953
949
761
752
908
888
659
854
992
942
986
919
735
795
502
529
622
639
894
693
723
943
683
635
937
500
540
945
38 25 76 86 97 23 24 85 31 63 22 44 80 41 90 100 59 74 75 78 55 32 23 40 21 23 66 20 88 26 97 33 40 20 97 100 82 98 61 69 33 84 39 35 40
70 82 86 78 96 93 68 43 68 95 69 91 65 32 77 46 48 83 98 36 95 63 50 82 38 86 34 41 79 41 98 42 34 55 79 76 77 37 90 37 100 30 81 49 81
75 85 31 49 44 58 66 22 45 26 76 43 55 39 100 96 93 97 67 46 37 95 69 89 22 69 28 51 38 72 66 83 49 37 37 97 65 63 64 82 65 90 89 53 89
33 20 47 61 73 49 86 86 73 55 80 76 64 38 99 56 82 50 26 67 57 26 91 37 34 46 40 40 66 68 87 33 36 45 63 55 71 57 71 46 38 54 99 20 91
78 95 95 48 64 50 30 100 76 66 78 97 66 52 61 48 33 61 29 41 41 34 86 79 48 86 43 62 96 47 71 71 26 40 90 75 96 21 41 36 46 60 59 73 86
53 66 36 74 42 95 38 27 58 97 74 91 29 97 41 56 64 66 76 26 84 82 66 64 51 72 20 52 90 20 51 53 63 100 81 94 78 76 82 83 68 38 87 37 77
66 26 71 98 49 79 51 89 82 72 78 44 77 95 56 64 41 25 26 80 32 56 66 93 53 57 27 27 30 92 96 90 84 37 25 22 33 95 96 66 93 42 30 93 96
24 23 68 35 26 62 97 85 63 46 87 51 38 65 65 46 64 41 26 53 78 32 76 22 22 40 65 43 46 41 89 92 24 44 92 76 81 37 90 27 48 63 79 75 92
94 92 39 83 84 34 47 82 83 24 35 71 37 22 31 21 35 48 23 52 39 71 54 71 70 86 42 61 47 39 93 40 95 24 61 74 21 29 56 46 30 93 75 65 20
95 48 67 54 35 41 56 29 73 42 38 20 47 66 40 76 45 28 56 97 90 87 29 73 80 88 85 36 33 47 82 29 48 29 61 31 68 44 61 95 60 25 60 79 60
45 66 36 57 41 68 45 53 30 51 59 87 24 79 97 94 63 71 46 76 33 81 87 95 25 75 89 87 100 70 58 49 38 52 50 85 56 56 68 24 44 93 22 78 31
95 86 87 24 100 49 22 81 67 96 81 84 68 87 21 35 76 71 93 54 36 56 35 49 87 62 99 20 95 81 99 78 97 86 22 77 77 39 64 57 62 98 100 21 84
94 73 57 87 64 47 44 65 68 48 22 49 53 68 51 75 81 73 69 25 87 86 65 57 24 84 72 58 70 64 31 60 55 54 93 68 62 84 76 44 20 82 21 54 87
40 88 94 98 90 69 75 33 80 82 45 29 58 93 93 93 65 34 28 57 92 35 86 96 81 75 38 62 69 74 37 50 23 66 72 94 69 62 24 93 26 29 98 36 67
62 37 85 22 89 93 56 58 36 57 64 96 57 94 29 71 93 22 74 83 27 34 99 75 66 55 75 44 30 87 63 28 43 55 59 100 84 47 75 58 90 73 25 60 53
63 90 84 38 48 67 62 79 26 81 51 42 100 26 81 80 30 46 20 66 24 24 30 23 43 94 80 81 64 53 51 92 51 91 51 26 85 78 58 85 99 92 41 81 61
72 27 53 21 77 38 76 92 34 51 22 54 37 59 73 93 34 79 78 50 57 65 24 85 93 92 43 54 67 20 46 81 98 79 38 48 38 52 29 48 76 29 54 29 72
53 25 76 30 83 77 61 23 27 42 72 58 26 58 42 36 96 34 56 49 42 21 74 78 82 78 65 34 100 63 52 93 76 93 67 70 99 100 26 57 89 24 66 71 38
25 87 70 64 66 51 60 69 30 94 94 73 56 91 60 78 41 80 91 94 60 86 34 57 87 46 80 80 45 70 24 91 22 52 54 68 46 36 90 81 80 78 22 55 43
77 58 71 58 50 59 35 71 50 51 41 75 20 90 78 70 94 67 47 57 65 29 71 76 47 51 63 74 71 81 62 28 55 83 99 58 61 21 82 76 85 77 92 36 60
30 88 47 72 43 46 91 81 22 48 83 32 94 49 68 43 91 43 97 21 31 97 23 98 29 27 78 24 38 61 23 81 22 96 99 70 52 77 55 90 28 50 62 99 88
83 86 45 61 91 56 87 57 98 71 36 43 97 74 90 50 69 24 56 28 27 84 100 22 48 47 47 60 51 94 81 43 66 91 37 72 72 76 99 48 71 38 50 98 44
97 64 96 73 75 30 63 94 56 64 34 88 35 30 89 98 94 91 63 62 76 58 71 72 37 46 63 54 82 65 81 32 40 52 81 98 32 59 27 79 72 62 89 21 45
28 62 100 95 53 59 33 52 49 52 56 56 78 65 52 60 93 70 50 31 91 28 32 30 20 98 92 81 71 91 54 40 61 35 92 34 55 40 48 52 92 97 77 32 82
29 27 95 46 62 28 50 91 86 59 33 46 89 97 49 54 43 42 77 67 54 57 47 100 82 32 46 63 59 76 92 38 35 61 56 81 54 87 33 81 41 20 44 44 87
67 68 39 32 54 48 42 73 28 55 37 27 34 90 60 66 36 42 76 63 31 39 32 30 51 42 67 40 73 48 76 74 75 52 37 61 71 48 74 88 96 51 95 72 28
79 67 99 69 27 47 87 30 71 53 68 60 66 52 75 33 34 22 70 43 24 27 46 75 32 36 38 55 54 69 25 83 30 64 52 69 80 66 76 88 93 45 61 62 36
38 23 67 63 66 36 51 39 29 90 32 53 75 94 53 45 25 43 66 70 66 58 26 97 93 20 61 76 25 98 53 42 32 28 94 62 35 94 35 69 43 90 88 69 83
51 85 26 75 99 63 74 47 98 58 69 73 78 72 64 82 21 99 66 68 51 95 55 88 100 50 50 88 53 53 52 74 56 98 67 56 35 23 72 33 65 33 35 33 22
76 84 78 90 52 86 73 74 100 99 93 75 68 50 82 55 99 50 61 75 88 54 92 61 25 24 76 41 83 40 94 65 29 40 27 38 82 77 38 67 24 93 84 49 25
92 80 84 41 65 35 33 95 46 37 73 40 74 96 88 71 52 33 49 83 24 57 45 80 31 35 28 59 43 31 22 24 22 32 25 25 73 21 50 58 65 80 87 96 73
84 52 65 89 43 49 27 49 36 69 43 58 27 72 88 70 22 95 91 50 33 66 80 96 70 78 71 93 44 54 44 75 53 53 63 79 94 54 94 95 35 41 94 66 55
69 51 27 94 42 51 40 90 100 77 73 67 97 49 26 23 83 58 55 88 77 88 97 38 95 23 67 64 38 48 86 48 82 91 41 38 46 75 29 65 31 48 37 48 26
62 41 86 88 48 64 48 57 33 98 73 30 58 65 48 49 76 53 60 37 36 79 25 85 29 88 51 80 27 81 26 67 20 34 55 79 63 85 48 38 60 26 46 62 21
81 53 88 97 33 25 20 32 76 93 26 49 40 96 26 67 37 32 84 31 56 25 43 83 77 80 29 82 98 50 63 80 31 53 94 32 85 63 63 53 21 44 89 60 73
60 79 91 55 63 39 49 70 89 37 27 56 21 57 48 57 44 49 80 27 52 77 67 93 76 34 84 54 45 64 84 34 76 62 91 38 68 36 80 35 83 87 66 71 23
31 74 98 21 37 45 73 40 20 21 89 41 21 82 84 83 88 70 42 44 31 31 98 22 29 84 86 77 45 55 48 77 25 73 71 56 27 73 28 72 51 64 25 24 57
61 98 47 84 37 40 54 67 72 56 100 47 37 63 46 72 95 75 21 39 43 56 82 85 93 47 33 42 55 49 90 89 31 99 68 21 47 28 48 58 33 51 73 76 24
20 98 61 64 51 86 78 38 62 46 39 87 80 84 84 92 100 24 74 80 94 79 88 96 21 80 61 37 45 67 51 27 55 27 20 60 73 39 48 76 47 76 39 32 88
39 78 96 86 47 41 60 62 37 63 87 94 37 62 28 89 41 58 43 39 94 30 73 85 82 70 68 25 98 39 30 27 56 28 35 45 69 79 49 22 85 54 86 97 55
86 89 25 49 69 23 65 83 33 26 36 39 44 51 31 56 23 90 83 37 37 65 24 46 75 41 64 47 78 83 81 32 42 37 91 93 63 28 46 90 22 62 36 66 23
79 70 99 22 90 75 97 37 44 58 37 53 92 86 72 40 95 42 38 33 55 64 66 88 25 76 68 20 94 53 83 48 94 63 38 31 55 42 55 78 82 91 74 94 50
21 34 29 83 80 81 30 30 100 99 56 52 33 44 91 61 77 61 89 37 57 88 96 47 100 77 69 96 44 74 50 62 91 71 60 21 35 74 84 33 25 54 28 78 23
86 46 49 23 36 43 60 58 31 75 21 90 96 22 60 83 61 69 22 84 61 27 62 27 53 40 84 58 43 84 29 51 72 99 71 44 28 41 88 35 65 58 63 77 54
63 33 67 44 88 33 27 51 56 32 84 20 89 21 41 80 59 74 82 31 29 42 55 75 38 58 27 24 44 49 21 68 71 76 92 85 47 29 87 62 87 21 49 60 41
95 22 69 53 58 66 36 73 35 32 95 85 83 20 66 88 60 88 54 98 60 95 91 74 26 37 40 84 87 68 65 29 56 75 59 95 86 55 69 85 29 98 77 65 97
90 37 64 41 50 96 29 92 68 87 98 29 24 53 54 92 35 84 54 72 44 41 26 78 81 88 75 75 61 22 37 96 40 66 64 22 88 50 72 27 36 51 72 52 83
95 76 53 91 51 99 58 49 100 98 43 86 94 54 83 20 98 70 72 24 66 35 69 78 52 89 97 85 76 30 43 91 74 47 73 83 26 97 44 84 49 26 49 97 38
22 97 70 82 91 38 64 82 62 35 46 28 83 22 27 87 21 39 90 69 39 92 46 98 70 33 58 63 73 42 100 77 70 23 49 34 26 24 40 57 26 100 98 42 46
76 76 91 45 97 29 98 33 87 56 79 62 29 63 82 76 93 95 42 38 61 43 24 83 22 77 91 98 41 30 73 78 77 92 25 29 82 62 100 53 72 67 83 54 21
20 72 20 43 27 91 42 69 36 25 51 47 44 82 93 30 43 22 90 91 83 22 36 66 61 30 73 87 96 28 91 43 37 69 31 74 76 26 96 99 81 44 56 92 79
38 57 55 74 63 94 65 61 39 74 94 73 21 80 37 84 96 47 86 79 65 31 28 80 42 77 89 53 89 89 56 92 57 81 83 93 49 91 21 32 39 77 40 20 77
93 29 26 57 83 83 79 84 99 62 47 71 45 78 77 37 90 65 90 81 90 49 23 50 60 57 30 62 41 33 35 98 31 91 59 77 85 79 37 34 100 74 84 34 41
38 37 39 79 31 100 85 64 49 36 86 95 99 56 24 70 37 71 48 76 39 81 69 86 70 44 21 51 66 30 30 66 54 51 63 100 63 82 63 76 96 93 81 58 39
34 25 78 74 53 71 26 85 67 64 92 95 25 79 99 52 50 76 77 81 91 74 71 49 89 97 77 31 47 52 72 72 61 33 66 99 31 95 80 31 73 49 88 26 70
82 64 88 68 95 92 84 48 46 21 43 85 73 65 38 29 34 38 85 69 68 66 55 98 46 73 89 89 23 59 29 95 25 70 21 75 50 93 99 79 95 58 38 89 79
63 76 78 56 27 66 39 56 25 82 65 49 24 48 73 67 32 77 44 99 73 36 69 38 42 26 42 28 56 65 35 87 97 41 34 42 82 100 93 79 95 81 26 89 50
90 83 96 45 41 52 25 32 23 40 100 71 96 62 85 76 52 24 94 55 36 25 86 69 21 49 87 77 57 93 51 75 73 20 32 53 44 74 65 47 52 28 95 68 20
40 85 29 80 84 70 20 34 39 51 97 55 30 56 80 78 60 46 72 37 50 97 37 58 81 82 39 28 72 60 25 82 96 82 93 61 30 100 31 98 56 24 90 96 23
65 36 27 42 92 58 84 71 59 51 67 58 68 91 37 25 78 20 55 64 98 88 59 59 58 64 39 68 94 81 81 66 72 24 44 32 58 30 84 89 60 31 96 100 41
79 88 24 24 69 33 51 46 99 49 21 44 23 68 47 77 95 45 86 50 52 39 57 92 80 56 77 46 24 64 81 49 46 23 95 71 36 75 32 83 96 60 66 27 79
56 60 52 87 76 39 68 31 35 84 29 61 80 32 50 70 81 39 94 38 54 75 44 66 73 38 75 99 32 41 38 79 64 39 64 43 97 69 52 91 68 34 81 58 57
92 25 66 27 97 74 66 81 39 75 94 84 81 63 51 58 44 30 23 38 26 68 78 62 64 51 56 100 54 77 70 43 100 34 41 72 31 53 45 80 77 90 24 68 81
51 56 51 43 97 32 52 33 49 76 28 76 58 89 77 22 75 89 92 53 53 44 99 85 69 36 75 67 43 23 34 24 77 28 42 51 44 95 79 47 88 61 49 75 91
48 50 97 88 77 38 47 27 70 31 26 78 75 40 71 89 88 42 43 73 66 87 77 79 57 98 27 52 70 51 22 72 90 71 77 90 92 69 54 29 66 98 82 40 29
81 30 88 21 73 72 93 43 52 70 91 22 67 39 21 89 97 94 68 78 96 74 66 62 51 61 83 28 49 66 35 90 44 30 86 77 52 95 88 73 76 26 87 49 40
32 45 68 80 70 51 61 88 53 92 38 76 87 50 76 56 84 61 59 76 88 72 59 94 65 21 30 22 57 98 86 49 27 48 43 23 38 61 82 87 91 79 55 68 50
25 96 34 79 24 89 39 58 58 36 60 54 62 58 94 60 30 23 30 28 61 86 24 77 78 38 80 39 38 79 74 43 53 39 74 24 54 28 29 78 20 52 50 74 59
65 57 93 39 70 67 58 60 36 74 83 26 68 70 83 91 60 99 31 63 65 41 29 20 76 98 47 85 31 97 32 21 77 26 60 95 69 24 55 43 40 72 31 76 24
86 96 31 36 75 77 28 80 86 59 34 29 68 84 71 36 69 79 43 53 47 47 37 81 99 59 68 58 45 94 22 80 46 85 44 21 81 43 83 59 67 73 97 34 41
92 28 78 48 57 22 30 21 27 43 56 83 61 80 23 65 73 94 88 66 74 90 20 23 59 61 66 52 70 95 88 48 97 72 85 66 40 60 90 91 62 62 72 57 43
84 78 56 94 88 43 65 25 40 100 46 85 91 38 41 97 92 91 23 62 90 91 85 27 78 70 100 34 73 66 88 97 63 73 97 52 69 26 83 76 77 94 49 38 26
45 80 41 81 30 25 78 75 57 69 23 25 50 72 92 39 66 82 85 70 41 83 69 93 28 87 31 44 80 39 94 61 46 100 81 22 33 75 25 69 28 91 99 94 46
24 49 24 79 38 49 67 73 57 56 50 43 56 62 33 68 95 91 38 86 22 91 46 100 70 32 97 59 25 33 41 43 23 82 22 37 52 67 66 36 94 90 81 72 33
79 51 54 27 72 39 43 83 70 57 27 73 21 26 78 26 80 59 54 47 96 36 58 29 91 30 87 83 33 96 32 72 26 59 89 99 89 57 39 20 30 52 31 36 44
98 90 55 90 29 21 80 21 33 78 30 60 73 59 63 29 39 89 76 46 64 26 62 84 93 92 24 48 80 53 59 86 94 24 97 64 82 91 43 33 64 35 87 85 59
73 77 55 95 76 48 40 36 69 71 75 43 70 81 83 27 75 37 67 84 38 92 85 85 65 97 27 84 96 20 63 53 78 37 42 63 53 76 37 68 78 67 48 60 75
35 61 28 36 37 71 83 25 73 36 90 38 79 91 31 48 78 78 44 23 100 27 61 39 91 81 81 54 29 28 89 25 78 83 34 77 38 34 95 59 54 67 61 38 88
98 56 41 28 25 91 51 84 20 68 74 51 26 29 77 49 83 52 97 28 74 64 22 53 94 20 90 49 79 68 36 77 72 87 22 70 87 29 54 59 58 55 64 53 63
44 90 29 77 98 93 27 61 62 54 65 77 25 42 72 81 48 25 46 33 33 57 69 22 68 65 62 80 24 34 100 28 89 93 54 28 65 49 59 80 22 40 84 71 36
42 41 35 22 37 27 58 56 81 82 20 93 46 46 84 100 54 34 87 84 26 60 94 75 37 95 78 21 45 84 34 20 92 98 45 31 22 45 96 57 21 31 72 99 47
34 27 86 91 48 76 30 98 31 36 63 27 81 42 55 71 75 55 51 72 70 37 98 84 71 46 71 68 36 60 64 80 65 48 30 40 83 49 33 71 98 23 28 59 36
75 60 98 23 24 44 58 85 64 54 75 50 22 86 82 23 84 59 43 39 73 96 61 96 87 98 45 100 76 54 29 43 81 21 37 70 68 23 54 78 46 93 45 44 91
37 86 67 64 38 24 60 41 28 78 87 46 78 91 70 85 75 55 85 96 82 25 57 60 93 84 87 67 55 27 20 59 55 78 79 54 52 67 20 38 67 82 80 24 92
60 93 97 82 64 30 44 36 40 40 37 71 76 83 30 37 46 84 27 96 86 86 52 61 76 67 80 82 25 29 30 93 81 100 77 74 59 59 35 47 74 76 83 91 32
98 89 78 66 58 47 59 75 85 43 96 40 46 36 68 72 58 99 87 100 31 26 93 91 28 98 34 22 30 91 56 65 27 40 54 63 63 39 68 21 22 92 89 53 95
60 49 90 58 63 34 88 80 36 34 63 41 53 82 34 41 87 27 66 55 66 71 26 45 21 93 94 64 87 93 21 81 74 55 69 74 60 78 62 21 57 97 89 83 84
96 56 27 84 31 61 44 58 69 31 55 23 89 82 54 37 98 21 56 32 66 24 62 55 86 48 64 83 21 63 61 50 48 53 66 52 20 95 58 66 47 47 96 87 45
70 43 64 72 88 30 98 79 23 85 68 48 49 73 34 24 27 48 28 90 90 44 55 49 23 23 80 30 75 31 95 22 79 36 99 34 60 30 38 62 62 36 61 51 60
52 47 78 72 66 48 86 35 35 35 73 30 77 55 41 66 53 27 82 68 26 80 75 90 39 62 77 24 38 52 95 92 44 85 51 83 65 57 22 70 46 62 20 57 57
57 56 35 86 67 96 75 68 60 93 71 40 77 94 41 100 36 25 88 24 100 95 39 88 40 31 57 90 86 34 37 54 49 55 99 100 36 41 100 96 99 40 91 33 47
77 53 38 85 92 29 34 22 81 82 82 91 100 58 68 29 76 51 97 98 31 55 27 41 77 37 73 23 69 95 65 94 92 81 90 94 51 22 93 81 82 99 25 99 36
20 34 24 99 74 56 91 24 56 84 94 96 61 67 39 29 64 95 33 88 37 62 23 27 94 33 53 33 74 87 68 68 78 49 69 63 68 23 33 32 76 48 25 37 55
45 56 45 35 57 67 45 60 45 73 88 70 78 61 30 74 82 53 55 45 30 97 95 94 63 55 50 93 72 34 86 69 49 80 69 44 33 80 30 32 84 96 56 34 89
66 95 50 32 98 75 72 55 77 52 53 63 70 81 41 92 50 75 27 23 79 22 41 89 57 28 94 97 66 61 100 40 59 32 99 31 58 66 32 38 44 32 26 66 43
95 29 77 51 40 100 22 25 37 35 33 96 21 24 65 74 76 44 65 96 69 24 32 60 23 97 26 85 28 91 49 27 78 45 20 66 62 31 72 95 58 67 66 54 38
79 31 98 20 27 31 88 88 99 37 77 40 27 90 37 50 77 71 47 29 50 55 77 27 31 99 75 99 47 79 97 63 40 34 100 37 93 55 99 83 55 70 69 72 68
40 99 79 49 25 41 96 39 30 90 77 69 23 63 89 67 79 50 76 29 78 97 96 97 92 60 95 65 26 77 32 64 97 82 38 93 90 25 76 69 45 58 64 34 26
85 36 32 46 68 23 73 33 68 99 21 32 77 50 25 45 73 42 96 89 42 57 78 49 82 92 30 66 86 44 26 36 44 32 56 96 92 83 32 78 41 73 74 58 45
73 59 88 71 31 55 70 21 41 39 26 33 61 83 53 44 32 85 59 79 94 97 77 96 28 81 46 47 28 89 57 57 83 75 90 39 72 36 83 36 45 68 65 37 22
80 88 86 57 79 56 85 93 95 66 41 95 80 41 98 47 48 88 98 60 35 84 66 80 88 100 32 84 46 81 37 67 65 29 27 65 33 71 79 36 41 91 98 89 26
63 91 95 61 67 84 67 86 20 46 78 51 65 63 90 60 48 28 62 58 55 81 83 43 23 90 55 40 83 41 33 41 56 99 76 98 81 57 80 90 61 70 43 97 25
32 79 48 44 33 39 41 31 34 66 93 28 48 50 20 27 50 87 56 85 62 47 100 30 67 51 75 42 94 44 35 33 38 51 46 52 27 100 20 68 67 40 68 88 33
48 91 65 77 29 44 99 93 97 27 100 35 53 68 39 89 92 25 49 51 42 49 59 86 24 45 48 34 65 42 21 37 28 82 57 75 56 66 50 50 76 56 43 98 70
58 46 47 49 70 82 26 70 86 88 50 55 92 87 85 29 99 73 28 52 54 47 31 69 87 49 30 35 86 77 94 90 30 26 84 31 97 71 97 38 74 84 57 30 53
94 79 38 98 69 62 75 66 79 79 83 48 51 79 48 99 56 82 32 74 60 78 43 75 78 92 95 73 49 100 22 36 24 58 21 52 75 51 55 59 84 57 34 85 27
62 96 32 29 38 77 33 79 43 42 31 26 60 21 81 56 86 98 86 56 87 71 36 45 32 43 99 79 75 34 82 66 61 47 87 78 65 46 48 85 100 81 74 49 63
84 26 62 61 58 94 97 65 68 46 85 44 75 48 46 25 100 90 69 86 69 76 48 71 47 40 73 56 84 72 67 75 79 90 27 82 91 26 95 55 77 26 31 98 98
93 97 27 59 49 21 48 39 76 20 68 20 80 35 45 71 34 20 34 73 26 32 58 37 93 55 71 53 79 52 49 94 28 24 95 96 81 93 31 27 22 39 60 70 42
38 100 66 59 30 40 80 93 42 82 49 99 59 79 85 63 68 56 77 67 41 100 24 55 39 76 98 93 83 83 37 23 68 35 46 48 36 57 84 56 67 85 24 86 73
37 49 97 43 45 95 24 95 72 54 79 75 26 67 69 32 51 30 52 92 35 75 43 48 60 35 85 71 82 96 28 32 93 91 59 78 28 90 99 49 88 30 81 67 53
31 23 82 67 67 39 20 97 78 33 65 25 68 45 91 49 45 60 35 70 29 50 78 71 91 37 67 82 44 93 97 75 49 52 54 67 64 97 43 25 44 24 82 33 84
21 71 82 68 94 75 73 23 40 26 95 70 40 91 70 31 84 89 30 57 64 51 92 79 86 27 42 25 52 39 24 21 79 86 50 64 34 51 64 57 29 48 51 87 48
69 96 37 21 80 100 70 81 50 24 94 35 66 50 54 96 58 46 71 97 97 53 85 35 44 94 70 72 52 33 74 32 65 28 64 100 76 46 77 42 60 71 58 25 29
21 20 78 80 31 57 56 99 28 47 89 21 51 99 75 73 70 77 98 39 42 99 70 88 85 21 95 91 100 51 55 23 77 63 40 82 90 44 64 43 42 57 83 57 37
95 22 44 58 75 71 57 47 55 77 34 52 24 78 45 62 46 53 37 59 85 59 69 63 23 62 48 51 74 77 56 53 60 43 73 94 53 54 62 88 23 92 33 25 82
59 39 36 91 88 24 52 53 48 46 35 53 37 54 92 57 47 79 98 83 100 78 82 38 97 69 90 31 64 86 76 64 42 87 63 91 28 49 75 29 70 45 67 44 50
33 75 70 33 93 99 70 63 60 38 67 40 99 39 54 82 32 75 59 58 27 39 35 48 74 87 60 26 30 37 78 81 40 27 82 31 57 97 44 75 34 36 95 28 85
87 96 52 70 46 76 31 77 59 47 84 24 24 53 60 38 36 91 39 65 24 82 96 89 71 47 60 37 51 72 53 70 73 50 89 77 40 56 65 32 67 27 32 43 77
68 70 32 68 98 72 25 65 75 94 83 39 40 78 66 20 83 38 73 79 51 91 94 33 67 24 82 46 100 48 63 32 72 38 39 94 69 100 78 55 24 92 72 83 58
68 53 81 29 41 43 78 76 75 69 52 48 48 76 91 29 44 39 54 63 33 71 78 87 72 69 56 92 46 80 23 71 26 60 30 20 23 55 36 78 76 77 98 84 36
26 25 70 33 48 57 63 85 23 100 51 99 58 40 39 82 36 56 34 84 91 35 57 97 46 51 32 69 97 54 36 76 81 65 47 45 95 48 84 34 93 65 68 57 68
60 66 43 72 84 81 79 99 97 67 43 78 25 67 42 84 20 55 25 83 48 52 26 23 88 44 36 26 77 82 99 30 93 99 71 91 48 84 22 88 75 23 74 35 88
61 35 94 29 37 80 48 81 41 48 63 45 60 29 74 79 94 72 22 38 83 27 71 64 49 66 58 94 74 90 41 93 28 50 49 56 33 32 95 50 80 72 32 53 81
84 95 22 80 33 40 47 75 30 87 74 61 67 98 42 51 42 35 30 51 45 24 93 68 54 24 31 23 44 84 61 74 52 86 84 23 79 55 44 61 99 63 49 67 48
41 72 26 77 100 43 95 68 82 90 72 22 93 67 44 23 52 30 25 81 100 24 53 94 40 56 73 96 40 34 76 31 61 65 92 85 85 97 95 63 45 45 63 62 88
24 71 26 97 62 83 78 21 73 79 32 34 29 85 32 64 44 43 95 97 57 63 48 66 81 73 38 34 74 90 73 71 23 34 26 55 98 73 85 62 44 80 79 22 46
46 36 43 66 91 59 52 94 61 98 80 85 23 38 28 59 85 97 92 21 69 74 37 36 55 89 41 64 63 50 67 63 41 59 86 77 56 53 52 95 50 34 42 67 97
48 98 24 93 93 42 63 23 94 90 91 73 31 59 90 76 53 76 84 42 43 75 54 92 78 53 61 68 48 38 28 23 72 41 85 86 44 37 67 70 24 100 39 61 82
23 95 62 51 87 60 61 56 68 85 75 86 96 81 29 33 89 68 75 30 51 85 64 62 58 26 73 40 44 41 79 93 29 60 60 53 77 56 41 33 39 42 60 69 61
27 39 93 53 31 30 66 80 40 27 51 45 33 57 62 52 77 83 76 23 45 47 65 88 100 69 39 92 86 49 93 33 60 47 46 35 92 52 27 61 28 52 52 70 75
42 73 80 48 50 54 88 64 79 71 65 79 84 79 26 57 54 64 49 50 68 97 98 62 68 87 72 51 22 61 69 89 59 80 93 64 41 22 59 63 67 81 47 36 96
64 52 89 23 50 57 79 23 83 34 86 40 22 72 43 31 48 57 57 52 46 87 74 39 86 83 44 21 27 81 85 54 80 74 57 54 43 52 52 59 96 76 35 28 39
91 43 77 98 33 97 83 83 57 89 73 83 77 75 85 35 46 30 86 26 100 98 30 45 88 62 97 75 82 61 82 56 77 22 68 48 38 50 41 49 23 86 28 81 34
70 39 59 77 29 53 20 48 20 73 50 49 47 40 79 24 77 62 43 85 22 30 29 83 40 72 67 25 71 39 81 35 57 97 35 71 44 61 87 97 53 75 34 64 100
26 34 40 59 28 94 100 54 42 36 39 37 30 61 44 31 36 87 73 34 50 84 70 67 81 56 73 48 41 78 73 64 94 97 31 69 37 100 58 56 95 24 65 91 95
57 53 69 84 40 37 60 33 86 29 42 36 79 24 77 28 34 86 59 91 100 51 20 49 92 21 62 62 80 99 26 26 23 85 61 32 30 77 75 38 71 51 50 36 39
82 35 47 69 81 61 45 39 93 46 30 81 29 64 21 76 49 92 63 91 50 83 64 33 20 93 30 99 100 39 91 49 55 39 69 35 62 86 89 25 55 95 92 73 62
38 79 69 39 83 97 71 33 81 83 97 73 81 34 93 51 79 94 67 51 91 32 72 33 98 69 28 57 85 55 78 26 87 85 34 67 45 99 49 69 21 66 32 71 77
52 80 92 94 48 87 70 24 76 82 45 55 24 74 29 23 52 59 25 38 74 68 83 39 36 57 82 96 45 44 39 90 59 81 39 58 73 35 85 75 67 69 96 30 68
96 70 91 38 24 63 51 44 35 88 25 98 33 45 32 73 44 36 20 89 66 57 25 59 89 28 44 63 58 64 26 74 93 30 40 56 93 45 68 94 64 68 23 43 25
28 46 83 91 79 28 40 62 32 68 50 59 58 40 87 33 58 46 33 26 38 99 22 58 76 67 62 64 96 93 30 62 93 77 88 34 99 43 86 67 87 23 98 62 38
65 31 25 100 91 48 61 33 94 51 49 20 90 86 86 44 68 31 90 79 85 73 77 88 20 47 24 70 29 51 31 88 79 56 61 70 40 79 99 28 70 61 25 92 76
51 49 75 39 47 28 58 68 80 64 99 93 37 32 65 27 70 66 44 27 51 38 58 79 48 60 96 88 99 62 93 26 60 33 58 81 56 29 64 32 52 32 57 25 42
23 33 51 54 54 76 30 74 36 98 47 51 96 44 65 23 35 71 91 50 95 83 62 37 43 45 98 37 51 85 33 39 28 100 60 21 69 76 85 95 86 90 84 36 80
68 40 95 88 31 81 55 24 87 49 97 21 59 42 41 61 80 37 62 63 74 81 42 68 20 23 25 94 94 70 50 21 24 64 45 61 72 99 66 67 65 65 58 27 30
55 75 21 79 96 34 57 39 55 95 37 55 48 75 88 45 50 82 72 85 45 98 30 51 22 71 55 36 78 77 82 25 36 81 55 84 44 36 85 40 28 68 89 56 52
68 85 43 28 58 55 99 42 70 43 86 36 95 21 35 50 75 75 56 31 84 47 56 93 58 51 20 43 44 38 74 38 89 43 28 32 90 25 27 57 46 99 57 46 53
79 59 60 27 100 24 64 92 99 67 84 81 45 32 46 21 98 20 28 54 52 51 66 42 32 39 65 58 67 71 26 37 63 27 82 74 86 100 59 97 39 70 20 77 25
64 94 73 71 45 41 79 100 48 46 36 39 58 61 43 57 46 67 76 44 86 59 24 39 73 97 92 87 60 20 32 27 23 36 66 25 99 48 48 61 96 59 99 91 35
21 28 89 35 24 54 91 42 20 94 67 29 76 75 37 93 36 23 92 44 87 78 65 34 66 55 86 85 69 44 52 91 92 80 59 25 42 70 51 39 85 73 72 72 97
71 95 48 77 93 93 29 45 68 43 27 53 92 28 68 54 84 81 90 33 54 23 63 70 22 33 78 71 36 49 89 74 94 34 79 32 91 96 73 76 99 96 23 88 53
65 85 29 56 83 26 77 57 28 97 23 94 54 79 83 96 22 68 84 78 79 36 83 30 37 98 35 83 53 68 65 21 79 47 76 41 23 23 71 58 51 100 25 70 60
29 85 31 24 26 67 43 30 59 82 85 83 36 24 34 27 85 31 61 49 61 26 37 26 57 21 41 21 68 27 82 59 86 47 79 73 39 40 51 92 68 83 23 44 89
27 83 72 71 40 38 62 97 56 99 33 100 29 86 78 97 56 71 94 48 52 57 63 56 99 89 64 76 21 55 78 88 52 52 36 33 65 95 98 62 46 81 28 63 96
53 55 99 68 72 52 38 79 67 76 37 40 83 31 47 37 78 77 94 55 26 39 62 44 73 54 32 36 34 37 50 89 39 73 25 33 24 96 53 95 45 27 88 69 80
99 71 88 41 49 60 48 91 70 54 72 43 54 39 20 68 56 40 89 69 65 42 79 33 100 22 46 32 45 46 27 26 63 31 50 28 79 88 70 22 51 45 89 85 65
59 100 93 87 21 69 97 71 49 72 99 20 91 85 90 94 51 45 49 41 80 63 45 87 27 22 74 57 90 86 27 100 66 24 81 72 98 42 25 44 65 48 35 57 40
85 94 96 58 72 68 23 89 94 85 59 65 63 59 71 82 82 99 36 67 89 87 80 57 38 65 66 20 80 94 71 30 91 74 85 32 83 24 22 46 34 94 49 43 78
40 20 37 99 99 55 27 51 65 93 45 58 90 97 20 60 27 58 52 76 77 21 100 25 71 92 47 44 82 23 43 78 61 91 24 80 42 20 68 39 69 77 89 95 95
30 33 75 83 68 39 92 54 45 46 67 79 22 37 46 89 45 28 66 70 52 57 57 68 47 48 23 74 71 98 28 60 89 84 39 84 65 95 55 33 43 50 93 71 50
99 75 59 46 93 67 49 100 48 84 59 43 85 39 57 34 73 32 87 91 54 96 22 65 89 36 57 41 44 56 76 95 73 43 34 89 90 70 64 45 33 53 55 21 71
67 91 52 94 94 69 21 84 25 69 26 25 84 35 95 56 93 28 71 45 59 58 86 28 47 57 39 62 35 59 88 76 41 78 71 25 49 81 89 48 92 42 23 75 20
53 32 38 84 39 46 43 30 79 76 41 31 50 82 29 58 77 88 41 93 42 32 27 48 45 46 21 88 69 26 99 44 95 31 88 25 28 54 81 32 43 31 70 90 80
71 29 61 25 87 49 67 90 78 98 98 22 51 50 39 82 24 49 63 40 90 25 63 78 96 97 42 47 84 100 79 90 95 41 79 32 23 67 97 87 62 39 90 51 99
33 83 64 27 62 58 64 41 98 34 100 48 94 63 88 25 55 28 45 85 65 46 20 54 42 51 81 94 63 79 42 79 93 80 37 93 36 73 73 40 30 60 46 24 53
35 30 35 98 54 30 58 49 86 83 30 26 74 96 49 52 37 93 71 98 72 78 68 75 21 75 34 25 56 62 50 27 27 68 44 77 86 94 73 66 68 21 88 69 45
77 96 51 45 89 24 64 64 53 90 49 41 33 78 70 68 64 69 49 29 22 25 42 67 68 41 86 91 27 57 72 42 36 98 29 23 46 43 63 56 76 52 47 43 86
44 90 75 63 27 59 73 32 21 27 74 67 41 64 25 72 94 95 70 31 52 33 100 58 49 92 54 23 54 59 45 31 29 21 38 92 93 99 71 71 91 41 78 22 78
40 49 60 27 79 63 24 21 40 69 95 77 27 54 49 62 94 24 24 40 37 70 61 36 83 22 69 32 67 34 30 99 88 33 77 69 65 59 78 67 34 77 44 84 88
71 53 72 45 71 28 71 51 69 63 20 59 97 24 98 58 65 59 88 90 29 83 99 45 57 23 100 71 29 91 87 37 60 30 51 52 48 57 85 60 74 86 80 73 69
29 75 23 93 27 42 99 43 67 92 80 54 71 43 22 79 52 63 66 41 100 56 91 22 34 67 30 54 92 98 68 81 36 80 69 21 35 39 65 81 88 28 37 90 45
24 71 44 20 92 100 44 41 34 93 92 96 88 97 46 21 60 64 97 74 92 65 76 58 52 21 77 50 79 37 35 73 28 29 57 47 58 41 69 84 92 26 55 71 94
90 22 28 89 70 61 78 25 30 38 76 41 77 21 73 65 72 60 34 25 53 21 39 33 76 96 47 77 72 47 37 81 81 76 26 35 76 89 99 42 26 27 63 94 62
51 76 83 87 93 95 30 97 91 46 54 25 32 31 63 25 45 77 52 49 91 57 82 79 28 60 97 42 28 100 98 82 62 25 78 72 69 59 59 34 42 45 46 85 69
42 21 35 24 85 50 90 38 87 28 42 53 53 78 61 48 46 50 37 88 38 96 82 88 93 21 48 75 43 22 89 24 59 89 61 54 94 86 46 70 46 55 42 65 28
29 20 73 23 91 62 76 44 94 97 70 99 49 32 68 27 60 48 73 75 59 29 72 65 24 39 55 39 96 94 96 43 66 23 37 93 92 65 62 89 42 74 93 55 93
72 85 29 96 48 36 30 53 57 52 54 37 26 37 20 88 58 68 48 24 87 72 92 30 27 46 85 95 72 43 68 72 57 36 69 89 33 58 71 75 83 86 39 71 89
37 31 81 51 28 37 99 27 61 54 86 69 52 57 63 72 66 45 76 33 35 50 63 27 90 65 54 20 95 26 73 62 32 27 43 20 41 54 56 70 99 72 94 88 73
92 74 100 32 74 69 54 80 37 22 100 78 26 46 92 63 79 34 81 25 65 82 51 27 58 87 60 84 46 20 67 97 50 73 83 64 96 40 48 79 37 21 72 63 22
99 70 80 78 43 88 38 39 30 84 51 67 82 88 24 100 88 52 51 43 29 38 94 70 54 62 37 93 92 87 64 69 86 92 77 60 40 98 55 72 29 22 56 54 63
61 74 97 62 43 85 85 93 78 50 34 67 32 27 74 68 93 82 74 39 89 24 86 51 28 27 29 40 52 87 53 55 98 43 45 24 42 45 42 25 82 27 76 93 93
55 38 40 46 40 43 29 36 99 88 86 22 51 73 80 71 63 60 88 35 26 89 75 79 25 56 99 98 52 63 100 64 84 72 32 91 21 67 45 97 82 47 53 28 22
58 42 27 46 82 91 36 95 62 59 52 47 28 45 42 34 99 32 60 69 42 61 73 71 32 35 27 22 27 96 65 42 81 51 76 93 75 27 25 89 42 20 86 36 28
24 26 94 76 48 40 62 93 63 29 84 47 32 64 97 71 87 23 82 21 38 57 35 40 92 27 89 43 83 97 65 62 77 64 95 86 51 40 28 85 79 75 32 97 28
66 36 54 97 60 30 64 75 78 81 27 54 95 27 71 26 47 28 83 92 67 84 25 53 53 83 92 76 41 89 26 33 100 20 81 62 36 25 94 61 90 27 64 88 43
27 56 22 31 52 59 65 40 83 53 53 90 28 55 55 86 62 44 47 48 64 74 99 91 27 100 96 58 72 88 28 54 72 94 84 48 68 29 76 75 81 92 73 91 60
48 92 84 35 53 27 86 46 64 68 58 79 89 48 43 45 31 58 32 43 72 28 84 40 71 99 85 54 86 52 62 27 31 67 80 78 84 32 46 43 70 52 43 22 97
88 98 60 53 51 23 34 54 81 70 38 26 31 64 25 98 72 54 61 46 31 96 20 90 43 77 66 72 67 29 96 47 30 54 98 71 43 45 88 52 22 59 78 24 53
60 51 56 32 63 78 44 77 82 21 44 46 37 91 56 34 71 48 94 63 75 85 32 57 76 88 23 69 30 33 99 78 61 38 40 82 27 84 55 38 71 34 62 41 57
