40 170
522
542
568
979
500
851
773
522
608
764
982
660
986
581
870
777
668
566
858
532
858
919
894
726
585
579
537
840
608
993
552
503
719
551
777
571
575
908
791
830
27 50 35 83 96 43 79 68 70 21 90 26 42 73 100 76 100 55 78 61 28 55 61 41 32 70 86 60 52 93 31 47 63 83 52 27 95 36 56 44
31 70 21 47 89 52 62 49 59 48 68 81 34 49 68 87 80 77 31 78 38 84 61 97 97 60 92 33 32 46 89 76 93 57 99 88 83 85 87 78
28 54 49 50 97 23 83 23 77 50 61 99 28 53 39 29 33 48 46 97 54 42 82 98 70 49 67 39 55 58 53 85 78 39 73 21 80 40 66 71
87 90 42 65 86 86 20 74 68 73 58 76 83 89 96 42 74 99 50 63 36 52 46 72 53 96 62 84 40 96 80 67 32 33 69 29 67 68 72 38
60 33 47 23 69 44 55 56 31 82 70 55 96 93 94 46 96 77 38 65 55 33 30 76 86 26 36 60 43 79 72 38 52 42 30 24 55 58 97 87
95 21 77 57 53 58 26 57 36 70 33 97 100 46 36 63 32 91 27 38 91 75 78 21 42 78 20 41 60 87 65 100 33 85 69 73 23 31 29 49
22 42 38 75 99 83 90 23 87 43 25 29 98 88 92 88 98 94 30 35 98 73 57 64 89 20 41 37 35 25 90 80 38 32 34 38 28 63 53 38
94 44 21 28 82 35 67 27 29 65 79 99 85 21 49 78 22 82 39 59 97 90 88 39 84 84 23 66 100 95 23 59 39 39 43 67 70 40 88 94
36 61 94 79 90 76 35 28 36 49 55 47 31 29 27 38 87 99 66 98 44 38 65 29 67 38 80 89 76 48 64 36 31 62 45 24 90 100 73 37
45 32 40 88 94 95 50 79 65 61 90 69 43 47 92 82 45 26 24 59 50 27 99 42 54 69 78 95 40 64 21 34 51 35 83 95 98 30 69 38
58 63 88 27 29 48 34 28 98 20 89 48 91 37 65 72 46 81 35 72 89 37 98 98 88 57 29 55 36 55 31 37 92 59 40 43 55 94 61 65
24 20 77 53 77 78 57 56 74 42 52 25 31 53 79 96 26 54 55 35 86 87 36 75 97 77 26 69 30 27 43 79 65 43 81 96 50 56 56 65
78 62 24 90 78 93 46 60 91 83 49 57 48 55 37 69 41 38 53 56 60 95 74 64 52 61 54 36 52 57 59 67 80 26 31 35 99 55 71 85
97 50 97 21 57 31 39 38 32 88 60 62 20 71 46 45 82 79 26 88 24 80 49 75 23 41 62 87 62 90 30 21 20 92 40 51 77 55 59 59
28 50 50 67 95 54 25 96 95 84 96 37 70 77 55 73 20 98 34 69 31 41 72 93 59 98 43 53 62 60 90 87 89 40 88 62 55 35 60 60
76 42 45 25 68 78 99 73 91 56 35 53 20 61 81 89 90 20 90 73 64 100 53 73 95 36 47 55 62 60 82 30 64 42 82 93 100 78 81 35
59 71 43 66 56 88 62 30 67 71 80 81 93 88 81 74 93 65 71 94 62 84 74 84 43 98 94 65 55 25 67 53 84 82 41 74 98 66 61 37
86 53 32 55 54 77 31 41 92 71 54 34 84 93 94 68 72 45 20 73 57 64 92 59 92 62 81 26 75 93 52 23 94 55 21 26 61 82 54 69
86 67 88 68 37 86 22 59 93 57 61 79 54 43 87 97 48 29 85 23 83 43 33 32 75 87 56 56 66 47 67 98 96 97 84 44 54 67 26 48
20 64 50 64 56 50 46 64 63 33 30 90 91 66 81 81 67 99 26 72 57 40 95 55 80 40 90 23 44 75 68 74 22 21 95 48 52 41 40 50
89 42 47 56 86 68 85 56 95 37 66 34 43 72 56 35 22 88 63 66 45 65 71 89 56 63 40 62 57 67 96 33 54 29 25 71 46 38 43 79
63 25 78 29 100 30 59 45 44 66 69 74 51 97 96 54 30 66 99 22 79 67 92 66 42 68 53 65 82 82 40 85 57 70 32 50 62 45 62 38
31 75 88 83 37 44 23 85 90 52 23 49 43 54 95 81 38 93 81 51 53 61 26 29 25 25 30 59 68 20 92 43 50 92 97 41 23 35 59 90
64 88 95 52 30 73 31 20 94 56 90 53 78 37 91 23 41 100 76 68 60 100 71 54 41 90 68 92 72 59 53 37 73 21 91 52 74 32 28 52
54 48 84 21 57 98 31 38 50 41 26 89 45 79 36 57 59 31 97 71 37 95 22 58 96 49 75 82 53 42 22 56 36 90 63 90 30 74 71 90
72 61 52 58 93 30 69 67 36 75 86 79 48 24 65 86 59 22 54 49 75 30 96 76 87 54 37 39 77 82 45 34 26 59 37 92 54 59 69 97
50 93 76 50 89 63 88 62 23 27 59 98 82 57 86 63 90 55 56 51 45 69 95 85 32 93 27 63 79 73 65 84 70 93 44 83 29 74 72 79
42 60 61 58 26 22 98 69 22 70 44 92 74 52 100 80 33 32 71 36 95 97 24 80 63 92 94 34 70 63 98 55 81 64 26 52 57 48 95 38
75 32 36 27 34 76 43 33 38 96 82 63 75 98 81 23 52 89 95 65 90 31 48 27 25 85 34 68 82 84 37 99 43 68 21 98 96 82 94 25
81 22 53 87 65 77 68 78 97 43 51 50 73 89 31 88 77 64 46 71 74 33 29 48 57 55 34 82 61 90 35 62 53 68 64 84 25 43 34 68
80 99 94 89 66 81 41 34 34 44 70 32 50 56 88 89 36 93 35 45 25 69 83 63 87 86 44 26 42 89 20 82 44 47 95 35 54 76 71 71
47 37 49 36 27 60 26 85 65 46 21 81 79 89 32 94 40 55 44 81 71 42 27 39 81 51 20 29 34 60 36 71 57 25 76 75 86 31 80 22
41 91 100 100 37 98 90 34 86 28 79 100 54 85 97 41 72 63 31 84 28 72 64 64 91 65 60 85 65 88 41 85 41 66 89 48 87 55 20 56
87 93 83 90 32 90 41 41 96 23 43 75 39 31 63 20 54 81 69 41 50 55 45 25 97 40 26 94 51 56 93 44 65 67 94 27 89 21 60 29
53 43 60 84 60 27 74 92 70 47 74 50 48 75 76 69 85 63 68 24 47 89 26 52 85 38 61 34 94 50 52 91 97 43 52 30 72 56 64 39
26 55 57 89 88 92 59 60 41 51 22 74 57 71 44 36 99 47 87 42 20 83 61 23 71 76 56 24 91 94 67 50 88 36 82 35 22 48 81 71
37 98 50 100 100 79 87 53 32 67 81 32 99 75 44 39 50 67 57 85 51 73 29 70 51 31 97 62 53 82 37 49 79 91 100 66 96 34 51 85
24 100 25 79 45 44 25 57 26 94 42 82 73 82 69 24 34 32 54 41 86 42 79 76 42 71 26 64 43 73 79 81 61 88 73 68 75 53 65 34
96 55 49 89 58 55 66 92 50 56 27 83 50 58 64 84 91 43 73 42 74 56 74 67 65 35 76 87 26 47 31 68 88 63 70 32 27 49 74 26
88 49 27 43 60 96 44 59 38 58 70 62 91 91 31 41 62 70 93 34 52 78 47 97 82 89 71 26 38 27 31 51 43 30 91 92 70 44 46 61
80 75 100 32 39 64 73 60 73 34 22 29 66 44 47 44 93 35 21 49 91 40 59 39 48 23 60 76 99 95 33 91 20 57 45 24 74 91 84 32
64 28 87 66 47 20 52 40 98 20 57 34 35 37 29 48 38 82 97 77 75 43 35 39 61 92 44 51 90 60 47 69 51 26 65 33 94 47 56 52
56 80 42 81 27 97 44 81 87 21 46 29 23 26 74 87 79 89 59 35 88 48 38 78 75 30 66 62 89 68 81 77 29 97 77 88 94 76 75 87
80 25 52 89 67 49 79 47 51 72 64 28 78 76 100 64 20 79 74 75 41 86 69 33 66 86 33 97 38 86 67 98 43 76 97 47 27 69 38 60
38 28 99 40 94 42 22 83 27 74 31 89 57 65 59 88 91 24 72 41 38 69 77 49 45 83 57 46 52 69 97 92 32 43 67 40 36 35 82 60
60 43 84 36 31 45 46 35 88 61 22 57 77 90 29 50 47 98 40 73 96 66 27 69 36 89 46 56 99 49 55 92 69 87 23 20 33 49 87 27
71 22 83 74 25 25 98 40 52 85 40 21 99 88 61 60 82 80 40 21 42 100 100 80 34 61 26 46 74 74 63 24 31 92 93 32 83 62 77 56
34 59 32 69 32 32 75 83 69 57 99 42 57 31 91 69 94 52 80 47 89 51 82 42 84 28 56 36 48 38 95 85 68 25 88 97 68 27 72 78
24 74 42 80 98 44 20 72 99 24 43 85 97 51 34 68 54 86 81 84 22 96 23 52 61 44 81 72 92 50 89 71 62 23 46 79 40 24 76 27
24 54 99 49 49 71 33 91 81 34 85 68 61 75 52 46 67 24 55 44 75 33 33 68 89 33 44 47 86 79 36 23 76 62 93 35 51 28 31 59
21 29 75 43 85 63 96 58 23 21 88 28 61 62 85 34 65 45 57 87 38 78 56 76 23 51 89 44 24 29 30 65 69 25 68 58 79 87 33 97
75 86 21 47 34 100 38 23 75 67 86 39 74 75 82 62 71 92 40 58 74 93 78 99 66 98 66 76 78 32 64 87 61 34 90 85 59 86 87 31
57 63 40 35 64 72 68 100 91 20 60 45 61 79 26 83 35 39 97 56 89 74 58 80 62 50 53 69 25 27 98 47 42 77 45 72 37 43 95 29
80 34 54 48 22 81 58 40 47 39 91 36 25 65 82 60 77 83 45 21 48 78 21 60 85 61 77 27 28 27 99 46 39 21 38 56 94 40 55 51
61 77 64 46 97 64 26 65 75 39 38 84 48 20 47 25 20 92 45 100 36 36 37 53 31 35 31 69 88 30 35 93 23 89 66 74 68 68 26 72
99 51 39 75 39 62 78 45 28 83 39 51 64 34 75 49 73 69 79 88 50 46 97 58 70 75 99 21 91 41 86 100 82 90 44 46 36 88 41 58
50 100 26 30 50 32 95 28 97 30 56 50 83 99 32 91 72 27 70 81 47 79 84 25 79 28 21 44 35 74 71 36 88 76 68 27 56 44 21 22
21 57 24 39 31 99 35 89 23 50 24 37 53 55 94 93 75 60 50 45 38 43 58 71 99 38 41 60 76 90 59 75 93 87 99 86 75 38 29 41
60 25 39 29 31 22 70 25 27 48 22 78 80 97 100 92 30 20 96 75 58 61 58 88 70 50 59 84 20 69 21 34 36 37 64 37 56 71 65 53
22 78 85 83 23 40 77 56 42 76 67 56 83 86 55 100 26 81 71 64 71 83 66 41 63 36 94 51 67 35 32 100 58 74 95 78 30 25 40 51
54 36 90 77 33 86 82 22 52 48 30 72 95 38 26 58 49 40 61 68 97 83 64 82 45 34 54 27 48 59 58 79 80 52 78 61 67 66 82 26
47 53 60 83 24 90 100 90 29 44 47 62 34 41 26 64 58 41 40 28 82 53 63 47 44 70 63 71 35 58 64 71 37 57 83 76 41 77 93 26
99 65 79 31 59 28 56 54 21 79 22 52 21 73 80 94 74 57 89 50 87 37 92 75 38 79 76 69 86 42 29 58 63 74 20 38 80 29 100 50
82 79 97 24 89 62 90 99 95 76 67 23 54 96 21 97 87 78 71 67 41 73 22 97 89 32 55 63 27 30 88 98 62 81 41 43 41 41 85 63
98 28 29 90 32 98 54 93 60 25 71 98 85 56 70 53 36 21 29 100 99 85 37 53 44 72 53 48 97 98 44 80 100 40 37 26 34 87 60 73
58 47 79 59 79 61 76 96 93 77 77 22 71 62 43 39 90 63 33 83 62 60 36 72 84 70 35 76 89 62 65 72 82 55 64 48 33 85 81 73
86 73 89 93 47 51 48 97 54 98 28 26 63 85 70 63 77 29 49 70 82 21 24 30 25 34 35 66 49 83 88 20 60 85 27 99 73 59 20 23
83 99 45 42 90 70 29 42 30 93 74 55 78 25 29 92 49 54 85 32 37 58 54 40 71 25 48 81 60 86 75 29 79 20 77 76 83 66 82 83
29 29 38 58 36 35 80 59 46 89 31 58 28 27 81 43 52 48 78 47 71 73 79 71 94 36 100 70 92 72 87 44 58 65 23 81 92 63 25 38
27 66 80 28 100 40 82 55 70 34 54 26 73 52 41 76 81 58 97 49 74 56 80 61 91 42 25 53 86 83 27 44 76 54 33 31 51 76 53 21
26 44 81 54 79 74 30 25 27 30 62 51 49 78 37 96 53 87 33 22 96 40 81 54 89 53 91 54 76 93 100 87 87 52 20 100 77 82 82 47
21 69 80 22 36 39 49 35 37 72 51 68 58 77 27 91 69 90 91 58 80 53 52 55 37 100 29 60 25 58 63 59 64 61 21 80 23 76 25 22
79 89 67 22 85 47 68 52 46 25 33 21 75 45 97 72 38 91 82 20 72 51 39 33 34 74 63 71 49 66 63 50 63 92 48 32 84 47 89 81
87 72 46 20 77 71 80 51 22 64 45 58 92 53 45 82 64 54 65 96 50 82 83 42 91 69 32 34 81 31 84 26 80 84 20 26 94 55 48 78
39 52 94 92 97 61 87 39 33 92 53 28 48 27 45 68 26 24 64 91 72 48 96 64 80 96 29 87 26 53 37 95 92 72 72 91 98 98 32 67
93 69 87 53 36 21 96 46 34 94 58 47 57 34 42 99 65 20 58 70 79 66 63 23 63 99 48 64 26 21 94 69 26 65 76 56 50 32 95 62
71 82 96 73 94 67 99 37 59 56 35 49 67 67 44 20 67 55 97 63 53 38 88 24 94 40 65 98 98 27 38 31 67 34 91 100 28 29 76 48
67 20 73 95 43 29 21 45 92 43 64 90 91 92 86 74 80 35 95 34 63 69 20 28 43 90 74 54 63 89 68 39 37 36 51 61 47 90 50 79
61 58 70 70 68 75 26 42 20 60 51 42 52 36 99 57 26 27 26 61 61 26 57 30 73 24 23 87 93 40 25 20 95 38 89 22 98 55 26 54
100 98 53 69 86 42 57 48 65 83 41 45 54 85 48 46 67 84 90 42 49 82 72 45 33 79 57 20 40 85 42 26 70 69 57 81 94 29 68 47
76 91 81 66 56 25 44 49 32 61 22 43 23 23 66 36 93 63 66 91 82 62 82 32 89 73 44 88 45 84 32 86 90 52 30 86 67 26 99 49
97 81 28 63 43 23 48 94 53 92 52 35 65 46 96 25 37 26 48 76 88 87 36 42 38 79 98 64 38 65 63 89 46 69 74 81 96 40 33 41
46 94 21 80 88 61 54 23 90 60 35 83 71 91 32 61 20 61 23 55 41 36 69 85 42 67 58 72 37 97 27 46 36 94 92 36 51 93 32 70
61 21 90 74 54 77 23 69 21 20 36 84 60 95 75 85 98 97 62 37 68 22 54 35 47 51 34 62 65 59 53 21 67 67 65 20 86 26 25 39
87 78 50 82 85 52 78 87 44 75 24 71 69 26 25 94 67 78 29 67 97 88 49 90 55 100 27 23 48 62 53 61 37 64 76 30 96 28 26 87
58 72 42 49 34 30 42 24 22 53 35 90 41 36 26 50 70 43 51 81 90 80 49 31 77 100 51 46 100 32 20 42 73 48 36 81 70 84 58 58
85 88 50 48 91 50 51 35 86 54 45 42 65 55 83 52 45 85 73 63 73 60 54 84 58 81 24 21 84 24 41 59 60 32 98 42 91 46 21 43
91 87 20 86 80 52 27 61 46 88 54 86 96 76 69 78 23 79 40 33 99 27 89 79 20 87 68 45 57 57 89 54 69 72 33 67 49 67 73 36
31 34 62 27 41 43 57 33 98 86 41 86 83 68 57 76 99 52 94 91 31 29 72 76 22 62 36 50 69 63 36 99 23 88 51 28 35 84 63 29
77 68 56 60 55 81 23 60 27 20 47 36 41 87 24 67 36 35 100 53 75 32 37 73 74 91 53 39 33 66 81 74 28 83 49 70 39 92 29 68
75 56 96 76 72 90 97 59 33 42 69 76 28 65 49 54 93 78 68 77 80 45 74 78 33 50 22 49 58 58 42 48 79 71 67 40 69 43 74 41
53 37 87 35 73 61 61 96 22 70 39 22 43 92 62 95 89 21 65 30 81 27 33 79 54 100 71 70 40 35 70 99 32 49 58 45 36 81 63 55
66 78 26 72 72 90 60 75 94 57 51 81 81 76 20 67 45 59 55 99 89 73 56 68 70 63 47 90 44 85 53 65 95 82 95 31 31 49 61 42
83 24 85 77 55 29 62 47 77 38 98 92 72 66 25 73 20 81 56 53 54 43 37 47 25 36 69 80 69 24 82 64 70 52 33 86 84 84 60 90
80 91 97 38 62 76 53 89 47 80 51 88 49 37 60 87 66 67 64 56 67 44 33 50 82 48 46 24 68 89 92 24 85 96 28 34 78 80 26 64
82 62 37 59 27 50 23 51 92 67 36 93 85 37 61 73 64 47 99 45 41 36 42 89 36 49 58 55 57 23 23 74 100 46 91 33 21 93 99 23
41 100 100 24 46 64 34 88 38 45 56 53 100 67 38 100 84 100 52 99 89 39 64 56 88 41 76 29 53 76 60 99 93 32 25 59 64 30 68 46
58 40 63 65 77 25 81 57 29 33 90 78 22 22 28 26 98 50 76 98 67 99 70 32 83 59 53 92 93 74 54 90 63 81 89 93 87 63 97 34
50 62 94 25 21 72 22 61 37 20 69 41 71 72 59 31 68 50 62 95 45 80 70 89 50 34 70 55 24 37 72 29 20 38 80 47 20 65 22 85
39 66 44 43 88 39 21 90 48 65 91 23 88 74 21 98 43 91 36 37 85 33 40 82 45 23 87 39 65 66 72 46 73 88 93 87 50 94 56 34
80 26 40 22 36 71 28 45 70 55 72 78 29 37 84 77 81 77 94 32 47 20 52 65 69 76 63 90 92 74 23 79 64 24 87 61 22 75 70 89
68 52 71 47 54 90 40 34 82 55 100 29 25 50 82 30 74 55 56 91 79 88 54 85 30 39 52 46 37 23 45 30 20 63 26 20 79 40 71 30
95 28 91 20 63 58 37 32 48 28 64 53 86 34 38 28 39 33 21 63 26 22 45 70 67 66 94 69 29 21 58 40 39 88 87 70 89 22 84 70
67 73 38 91 46 98 79 45 78 59 76 83 99 24 35 69 37 73 64 88 28 80 71 90 38 44 38 97 50 48 66 49 51 52 52 35 87 81 41 22
49 41 51 20 34 71 64 55 39 96 26 68 39 25 98 70 77 88 54 66 72 97 32 61 72 89 80 93 22 40 48 79 83 51 61 88 38 60 42 94
27 78 64 69 91 60 37 84 44 73 65 68 30 24 55 65 52 21 26 73 26 43 34 62 44 22 85 39 87 44 95 79 61 59 57 69 74 65 97 32
92 80 68 27 58 70 84 90 37 96 82 67 74 49 27 58 62 51 59 32 62 31 86 40 36 75 32 41 33 34 74 93 63 60 28 49 40 35 96 59
33 49 49 60 88 78 59 50 76 100 55 77 83 62 35 69 41 21 77 75 76 62 96 32 98 76 80 87 22 44 47 70 29 40 44 43 80 67 65 30
75 26 65 93 80 71 76 81 88 41 46 60 99 21 67 94 56 57 33 53 93 81 72 99 60 79 91 37 63 70 65 47 37 84 20 40 45 59 53 87
87 26 74 86 47 53 59 82 26 32 75 79 66 86 81 59 85 23 95 88 73 75 84 70 22 33 66 90 81 95 97 42 48 62 94 42 64 68 43 57
24 98 51 60 36 88 40 72 46 59 38 37 74 53 46 40 41 60 93 92 94 87 89 59 41 40 32 24 98 84 36 28 93 83 29 78 57 54 57 55
77 83 36 43 70 35 51 63 20 78 50 51 21 66 24 51 41 97 31 48 21 40 38 24 74 33 89 65 39 60 59 45 21 60 27 87 39 91 99 35
97 98 96 71 44 20 54 97 77 40 93 98 53 30 78 89 94 78 58 30 42 46 53 83 63 85 95 33 51 68 42 50 49 77 39 63 91 32 60 45
65 30 49 85 31 50 85 25 54 64 92 69 63 94 77 76 79 24 95 88 41 42 96 30 24 91 23 78 22 36 61 54 56 52 59 73 37 87 92 81
87 31 33 85 26 40 43 33 22 74 45 34 85 45 97 93 37 48 26 58 73 25 75 25 67 30 78 66 72 100 58 85 36 96 68 81 31 58 92 97
80 82 67 86 41 20 77 69 100 72 33 94 48 51 50 90 47 83 62 81 45 60 95 70 40 98 64 36 50 22 99 80 63 60 59 26 63 35 43 89
87 38 81 92 33 62 23 90 60 49 88 67 100 22 86 32 80 61 39 40 33 90 76 67 38 31 68 59 96 51 89 72 38 84 73 30 63 86 85 38
81 24 21 74 62 59 58 62 89 62 34 97 73 85 86 62 96 24 48 26 29 49 26 27 43 75 47 29 78 35 53 89 45 93 81 91 80 84 93 95
77 55 44 92 42 84 58 45 74 88 67 55 92 28 32 96 48 24 37 90 20 41 78 21 81 45 30 52 78 50 74 67 68 80 68 73 63 25 26 53
27 91 100 33 54 57 70 43 24 26 22 88 72 49 89 53 36 83 72 51 78 88 95 44 86 40 28 89 79 45 64 78 52 78 86 68 21 33 99 33
72 63 34 21 61 75 63 49 41 69 46 71 41 37 90 56 67 35 28 63 84 90 82 44 64 99 74 48 29 77 41 69 44 93 32 66 50 80 68 47
78 55 52 85 38 34 28 80 26 49 30 99 73 98 53 76 68 57 77 30 99 40 76 76 65 30 38 24 21 69 32 91 88 96 51 84 57 20 76 88
32 97 66 67 27 27 22 67 23 98 48 38 71 26 86 26 84 97 75 40 20 72 92 87 59 99 87 97 41 44 56 63 85 67 26 51 90 54 59 82
82 98 21 73 23 38 49 53 30 97 93 31 96 56 21 26 61 21 64 32 25 27 27 22 54 82 39 31 36 56 53 89 42 34 66 25 95 99 22 48
94 57 94 100 58 67 33 33 54 66 45 25 38 82 48 63 21 27 87 82 46 28 21 41 78 85 32 47 55 97 28 27 55 88 97 25 23 62 96 28
48 46 32 63 67 36 29 70 67 58 70 34 53 79 20 48 99 86 60 51 64 85 61 28 72 55 41 66 86 25 83 57 34 92 75 26 75 22 76 66
76 26 81 53 36 83 50 39 69 40 96 25 34 55 64 84 49 40 83 92 25 29 24 98 60 75 87 72 57 91 39 27 79 54 75 63 34 24 68 91
54 72 89 71 65 57 95 53 97 34 67 48 53 21 93 66 58 78 78 48 55 71 74 51 97 48 59 49 45 27 93 25 73 89 76 24 79 77 22 82
55 45 43 76 49 68 87 55 87 99 95 26 93 38 92 53 54 98 54 96 53 72 95 75 25 81 93 77 75 59 69 80 85 96 97 75 21 42 57 71
53 51 84 100 78 77 58 51 69 47 70 47 46 26 67 64 42 73 73 97 46 74 90 49 68 55 93 27 96 22 53 87 28 35 67 33 29 60 64 43
47 74 86 92 76 92 82 31 73 71 78 63 58 37 35 87 72 32 56 99 54 75 82 98 62 91 90 21 25 58 98 83 33 66 92 34 60 41 73 56
72 32 57 63 71 30 51 69 83 81 85 53 52 74 41 31 64 87 95 35 38 82 30 88 32 24 77 72 90 42 91 32 40 28 100 64 88 72 86 50
31 100 69 89 68 40 91 41 42 43 68 34 41 78 60 83 83 76 88 20 80 50 50 61 42 45 26 69 84 95 63 94 35 51 50 67 57 64 90 28
67 29 73 65 52 50 83 25 93 25 67 70 47 82 68 32 79 40 45 32 46 20 67 64 81 78 33 90 97 24 78 89 71 27 89 33 43 70 44 55
40 50 95 71 91 55 33 53 85 63 20 100 94 44 92 34 44 50 84 60 37 47 97 44 54 32 94 70 35 28 96 31 69 68 23 86 33 82 79 57
21 23 63 77 30 64 60 49 42 53 71 60 43 70 46 45 29 83 29 36 96 31 33 83 83 45 70 27 84 33 76 97 100 49 84 89 32 29 78 44
46 97 89 48 95 75 84 76 37 31 56 36 52 54 22 57 65 21 62 81 82 79 90 49 77 25 95 45 45 24 57 30 93 51 80 46 91 64 21 37
47 34 100 92 58 88 95 85 45 70 66 83 42 79 39 63 70 70 72 53 98 26 71 24 25 92 52 53 51 90 92 20 55 43 21 43 20 84 33 53
59 67 59 39 20 21 61 45 74 44 86 31 57 54 97 20 21 78 29 63 34 99 94 78 67 79 93 100 59 53 67 43 24 41 95 98 62 25 93 50
80 61 80 87 92 21 92 88 95 59 28 64 74 57 89 87 95 55 47 30 52 79 57 88 47 21 72 41 56 42 93 68 94 90 70 87 59 41 47 47
38 38 59 98 95 60 54 46 65 89 59 53 66 50 91 53 50 99 63 61 99 21 64 82 51 70 29 86 47 92 81 20 61 74 84 89 32 55 87 45
65 83 65 87 67 63 67 57 53 70 41 55 78 98 100 67 56 73 61 26 36 30 71 42 85 91 66 32 61 22 23 27 94 89 38 84 89 29 60 38
61 28 77 48 37 99 95 62 56 38 96 64 37 71 37 47 37 48 42 68 24 59 70 82 93 20 48 51 40 27 47 84 38 54 90 32 67 86 99 94
45 97 95 39 32 96 23 27 89 58 26 28 63 21 52 72 35 61 57 87 51 33 21 96 51 30 67 72 28 28 44 36 46 21 52 74 39 68 31 29
22 66 52 50 67 91 42 100 71 68 54 97 94 28 100 20 86 87 22 78 94 53 61 75 20 59 67 60 26 89 29 68 94 66 84 24 29 92 39 98
62 95 66 70 73 72 39 100 89 81 41 28 51 38 73 54 99 68 90 32 73 56 47 57 27 50 77 69 66 24 85 51 68 61 46 25 35 88 78 92
99 37 25 61 62 71 24 29 46 51 92 89 23 68 90 39 57 27 93 36 60 88 46 87 34 93 36 48 25 51 50 95 43 31 70 70 97 45 95 89
36 57 90 91 72 67 53 65 65 80 70 92 97 26 100 63 31 86 33 36 86 41 72 62 37 31 60 82 92 80 63 73 84 47 63 25 95 32 85 46
21 23 31 94 48 32 100 77 100 89 20 40 42 53 70 92 48 30 62 38 36 92 60 31 85 75 57 20 43 40 39 48 82 71 86 97 52 91 33 77
45 42 68 36 76 59 66 21 41 87 67 37 74 44 29 84 63 22 54 74 80 40 85 45 70 43 36 24 71 79 55 65 97 54 75 32 88 55 75 21
78 20 92 97 37 34 76 38 24 45 36 92 20 50 86 20 68 92 81 58 72 89 65 70 87 86 38 52 25 48 64 64 93 96 65 72 56 74 26 85
99 77 72 73 34 43 61 35 93 46 98 26 31 78 62 77 30 21 84 60 94 72 20 26 64 99 50 84 97 20 60 27 53 74 79 33 71 43 44 67
59 91 62 52 42 96 24 62 43 85 61 51 93 65 44 81 83 25 56 93 37 53 57 70 79 65 98 73 69 89 73 73 54 23 41 58 80 96 50 51
63 75 22 64 75 51 24 35 24 48 57 51 33 48 69 72 52 57 51 90 32 83 69 44 72 56 48 26 59 47 50 99 63 23 98 72 24 64 23 28
50 97 96 79 22 33 67 63 85 33 40 65 34 47 97 56 100 25 70 39 95 91 100 61 63 61 41 47 77 39 93 22 80 84 68 87 73 38 20 79
43 52 27 76 93 47 32 33 87 36 87 33 67 82 76 28 93 48 25 39 92 75 63 34 32 20 87 44 43 90 25 45 36 53 48 40 50 70 48 65
70 98 51 63 21 46 40 76 42 72 28 37 43 62 55 95 34 50 34 93 48 37 91 95 44 79 82 37 38 60 74 38 98 47 94 31 60 51 65 93
96 24 72 60 76 35 76 76 30 82 59 76 72 65 46 36 55 92 54 63 20 92 60 22 73 85 39 85 66 94 72 89 20 34 23 43 85 24 59 31
100 62 57 28 75 36 66 90 53 48 80 52 58 51 84 77 44 61 84 97 42 85 29 68 96 56 80 43 46 52 23 30 40 55 23 83 62 43 26 72
70 49 83 46 40 43 60 38 25 61 56 69 52 84 94 56 30 38 77 96 78 76 44 50 50 55 94 80 100 85 48 59 44 84 71 97 30 100 39 24
47 25 63 77 45 42 90 38 27 93 68 51 55 47 33 20 56 82 72 65 75 30 54 25 36 59 28 56 29 64 26 55 29 37 80 76 100 35 43 21
55 33 89 44 76 21 67 35 32 39 97 50 85 94 39 73 79 45 84 21 62 61 97 58 42 49 45 40 35 43 52 67 71 48 85 32 73 65 26 83
87 26 41 68 40 62 47 76 35 68 54 76 26 47 82 35 77 99 52 60 41 26 81 68 77 89 94 44 93 24 24 22 46 61 59 50 55 83 99 34
36 38 67 83 75 66 93 79 59 76 46 36 20 28 95 69 81 69 92 44 62 22 36 77 82 42 57 78 21 87 47 99 81 50 39 86 51 62 56 51
20 74 24 35 33 67 100 21 97 97 39 80 93 86 25 68 45 83 22 68 44 25 96 63 95 37 25 23 74 41 74 89 20 21 89 29 90 72 39 98
93 93 35 27 70 52 29 48 40 65 46 76 72 71 31 99 37 51 57 38 62 83 74 22 62 67 26 50 61 88 24 79 64 59 96 62 62 99 68 53
84 88 79 88 92 41 97 64 25 99 67 86 36 26 79 75 86 87 89 69 99 77 94 86 81 57 37 27 37 29 63 59 34 62 61 83 61 96 53 77
26 78 34 70 41 23 21 64 29 51 50 78 69 71 23 66 96 51 38 70 91 55 27 47 34 26 84 85 57 35 63 26 79 81 46 26 41 80 34 41
23 34 88 60 26 43 86 44 98 24 50 53 43 88 76 69 75 67 20 75 29 76 97 37 58 96 51 49 37 64 49 79 96 97 60 85 31 67 79 25
81 34 44 99 54 79 81 22 63 40 78 84 75 45 35 97 51 58 59 57 85 74 70 81 74 76 48 84 36 29 45 93 73 96 49 61 61 67 27 99
