41 194
542
505
978
962
697
642
602
927
919
897
818
815
612
562
902
746
692
529
579
803
854
531
603
942
755
994
516
638
917
603
711
928
954
616
959
547
994
956
914
537
578
65 66 24 56 74 36 85 67 89 67 40 98 77 69 28 34 72 84 44 43 86 73 25 28 29 52 77 36 46 28 84 64 67 56 60 38 31 27 54 39 21
63 47 89 40 75 67 51 57 37 69 29 94 22 51 46 87 78 32 23 70 24 39 21 37 85 27 56 56 73 94 26 53 43 37 80 27 90 75 42 74 48
50 62 66 96 62 78 94 42 79 34 87 25 64 94 70 36 92 86 40 92 39 96 61 50 81 89 91 64 95 33 68 87 89 85 48 35 63 55 87 43 53
97 84 28 62 25 24 30 58 20 49 26 97 39 79 35 86 52 99 63 53 25 87 52 37 30 32 34 53 40 96 73 72 86 89 40 26 36 89 49 85 65
40 96 92 67 69 41 89 48 87 60 75 30 40 75 20 61 47 47 72 24 62 51 54 68 60 88 75 60 95 78 60 95 73 85 22 61 57 52 27 34 69
58 70 58 44 85 34 99 64 29 57 51 90 32 85 45 45 67 72 29 53 65 90 60 100 41 71 81 40 70 45 67 44 96 97 92 45 46 96 87 52 63
61 21 70 35 72 26 35 48 93 87 80 59 52 98 23 92 23 39 26 65 74 35 83 32 87 73 72 28 98 47 47 79 53 28 34 33 35 86 73 85 69
72 83 43 49 100 94 99 53 75 85 42 76 65 54 82 76 27 84 98 94 31 96 99 56 100 93 28 66 53 39 66 22 61 54 92 46 25 88 90 82 62
35 20 24 62 26 26 96 48 24 38 57 41 38 27 91 56 68 72 37 71 61 48 25 76 73 62 95 38 93 55 91 48 77 54 31 24 57 71 82 31 32
62 37 49 79 27 75 47 65 89 80 32 72 48 26 69 91 55 40 41 67 84 71 79 75 100 75 88 71 43 39 30 77 70 43 64 43 54 61 93 75 95
53 34 80 33 79 68 36 69 52 57 32 41 47 79 24 94 96 98 45 41 71 63 84 78 75 40 100 30 32 34 20 56 23 92 48 95 61 52 43 28 99
72 26 69 80 60 56 96 40 59 25 74 58 77 46 26 34 36 57 21 33 68 99 81 74 41 35 88 85 96 21 63 80 72 95 63 62 96 83 43 81 54
59 90 30 37 86 94 95 62 59 55 60 21 29 55 63 41 58 91 28 47 80 20 50 26 66 27 49 63 45 99 55 26 76 39 34 84 84 98 40 93 85
86 69 95 73 91 25 25 27 91 34 55 29 38 20 79 65 66 21 46 76 46 89 53 64 99 35 39 94 38 75 89 69 20 78 68 57 86 90 83 96 85
68 100 45 43 31 63 68 38 25 41 42 93 72 28 91 100 21 88 84 28 100 23 48 83 84 43 61 77 77 39 80 54 83 85 50 43 42 89 98 90 83
77 97 46 67 90 82 27 39 23 20 20 22 48 30 87 59 79 90 47 97 82 23 92 46 67 39 32 43 37 86 44 99 60 25 93 97 61 60 37 36 80
62 65 65 92 96 28 64 81 47 66 69 43 41 26 66 25 73 63 79 24 83 73 29 68 43 81 29 66 78 56 30 83 97 80 60 30 87 63 54 77 45
85 81 86 75 61 45 51 46 63 92 87 99 23 49 36 61 61 35 87 49 47 94 55 74 55 61 57 88 68 99 27 80 69 63 60 24 36 51 71 23 56
54 54 96 74 53 70 76 41 65 88 35 49 77 96 60 77 73 21 50 27 77 85 41 69 74 70 74 100 51 80 25 97 24 36 71 23 96 82 63 54 23
43 42 31 28 64 70 72 71 74 72 70 23 43 90 30 81 30 46 21 21 55 28 31 30 90 34 61 60 74 44 66 96 52 76 80 53 93 70 61 27 31
53 35 52 94 29 91 63 47 58 50 77 90 65 82 38 99 92 42 30 90 91 52 71 25 96 32 95 40 35 81 75 92 70 100 70 56 72 94 35 66 65
61 49 47 43 82 31 86 28 73 24 63 48 45 58 21 61 81 34 69 34 95 39 77 57 27 20 58 55 94 88 44 24 55 43 64 61 82 31 93 25 31
44 65 66 58 48 88 88 79 78 31 65 44 54 72 28 38 74 38 33 57 40 87 91 98 50 31 98 49 95 92 83 55 22 71 90 93 93 34 40 44 56
90 38 87 88 62 84 49 90 84 29 50 77 91 65 87 25 74 64 76 77 22 83 40 41 33 35 88 32 22 29 47 64 60 98 96 79 58 80 54 96 51
45 49 32 46 63 85 68 76 88 95 43 87 86 41 80 59 84 43 87 66 43 35 75 46 92 63 75 53 82 39 41 50 37 69 33 33 41 71 95 93 99
74 97 61 57 25 42 38 98 34 75 81 97 42 38 70 48 54 51 82 82 90 100 29 80 59 88 97 61 26 46 97 50 93 38 72 55 60 73 73 69 99
24 82 37 88 69 37 68 43 81 93 74 93 80 77 44 76 55 60 57 58 50 58 91 22 89 49 55 96 92 42 92 78 29 78 69 32 61 33 27 43 85
51 61 82 28 79 79 93 29 49 58 51 60 83 44 98 30 57 87 67 39 37 35 82 89 42 23 51 100 53 54 54 99 44 52 45 94 39 68 87 66 92
83 60 80 96 97 30 50 52 97 46 92 44 74 75 85 90 85 31 61 70 91 64 72 36 55 79 70 60 25 60 34 21 70 97 83 49 67 64 44 85 25
36 43 62 30 21 79 64 47 99 46 45 99 62 55 46 53 56 48 85 41 96 66 99 42 47 38 82 79 64 94 55 87 59 44 63 59 97 39 31 58 70
34 100 53 90 31 48 37 82 68 41 43 75 45 95 66 62 21 96 51 35 48 93 27 96 32 80 75 78 81 69 99 39 22 50 73 69 32 41 46 84 52
60 48 68 32 35 42 98 97 70 62 69 85 26 37 21 98 90 20 65 40 83 24 100 70 66 33 44 39 45 37 59 53 87 99 68 95 95 46 86 90 49
73 27 30 96 49 78 71 47 84 78 59 70 60 87 31 27 34 43 28 99 61 93 63 66 89 73 41 33 96 31 62 93 64 96 83 62 58 51 69 77 87
61 77 64 40 61 26 41 76 32 26 22 30 60 76 88 43 41 35 66 43 95 72 42 72 85 71 88 41 59 52 51 68 29 80 30 99 52 60 31 68 56
91 93 50 71 59 83 24 40 95 28 30 38 58 20 82 29 90 80 49 85 29 39 64 69 80 55 29 58 65 32 78 56 92 48 92 28 53 90 84 48 63
55 34 72 47 43 75 74 73 91 45 59 45 70 36 35 50 47 85 49 46 99 76 75 77 36 62 95 88 20 55 99 98 74 29 99 57 97 25 29 85 91
65 22 94 98 75 29 43 29 45 28 31 29 49 74 75 78 59 61 37 59 69 64 49 70 48 50 73 61 57 55 44 87 30 73 88 81 52 61 87 43 29
23 44 60 43 27 45 21 56 52 33 41 83 72 37 90 41 96 98 95 24 74 72 69 64 95 23 85 71 37 65 79 40 28 90 90 69 35 91 61 59 58
94 77 81 61 92 81 77 63 37 47 29 73 54 56 97 53 58 84 90 28 45 72 100 24 35 89 81 31 57 68 45 73 30 90 98 73 47 36 38 73 85
24 36 85 55 90 20 27 48 99 68 65 63 64 83 52 44 30 98 94 27 88 33 46 89 34 64 44 51 20 45 100 59 71 89 45 95 58 68 35 73 77
49 30 90 24 42 83 100 45 21 49 49 67 50 92 59 51 85 99 55 38 56 68 23 58 63 98 32 78 95 23 96 69 24 26 32 35 100 36 60 31 36
73 83 58 27 72 45 46 32 31 41 79 28 45 55 86 77 72 89 98 48 86 60 81 71 98 70 43 68 64 40 60 63 93 93 93 59 26 78 65 62 85
68 40 50 25 83 100 35 74 72 61 21 29 95 89 48 26 85 97 22 55 44 62 77 68 77 54 52 43 49 37 90 90 64 89 36 30 49 88 97 100 87
37 100 45 27 52 48 74 96 68 44 60 83 58 80 37 64 54 40 47 82 96 20 67 80 24 28 45 77 91 99 81 51 100 63 59 46 40 44 45 25 21
33 58 85 60 48 73 42 20 20 41 60 74 71 36 83 66 21 87 39 44 94 31 41 88 76 23 41 67 99 38 71 42 83 74 85 62 45 78 84 63 92
89 54 81 25 53 93 35 25 59 59 53 67 49 34 36 37 73 68 69 55 98 39 69 31 49 42 97 63 31 90 93 54 77 64 40 86 91 61 77 84 71
74 61 51 93 90 61 43 95 71 84 25 36 90 85 86 47 52 22 56 93 27 92 33 46 66 55 22 24 73 41 20 89 50 55 77 48 46 73 37 53 24
59 53 27 96 60 79 85 66 47 54 87 42 61 81 27 44 73 99 64 46 53 60 42 23 73 30 41 81 47 29 52 53 68 31 41 49 34 57 88 57 68
65 44 78 29 82 90 87 37 52 57 86 88 24 91 40 100 98 95 97 30 63 78 48 53 92 89 89 55 99 27 77 69 75 75 49 38 27 48 38 25 78
69 96 86 72 97 76 49 70 20 35 45 48 93 72 87 60 70 61 83 90 65 41 62 95 55 64 29 43 33 96 92 50 82 97 78 80 30 25 51 87 81
40 95 34 51 61 90 71 45 50 76 29 32 59 33 43 93 24 76 39 84 49 97 81 82 71 75 69 92 35 94 47 98 97 55 67 78 49 54 71 89 88
27 94 94 99 40 37 70 42 59 95 67 33 71 36 71 25 98 39 84 25 23 85 76 100 29 30 76 81 25 23 73 40 42 97 84 91 81 99 97 76 21
35 22 79 76 84 24 88 20 76 56 78 59 81 71 52 72 90 90 28 27 97 29 89 78 24 80 87 77 40 75 43 41 54 24 72 72 93 80 67 45 98
70 42 63 97 62 61 51 66 60 47 100 53 85 74 42 57 74 33 92 73 78 87 82 68 29 76 87 49 27 63 73 95 26 83 71 99 76 47 96 57 70
93 55 62 25 48 39 75 40 87 50 56 39 38 91 25 57 88 42 60 50 27 62 90 28 34 21 82 53 36 64 95 54 96 42 46 90 85 98 20 25 99
54 45 47 22 40 37 66 57 64 37 99 80 69 56 21 25 89 42 77 46 93 51 65 79 79 71 38 47 98 94 21 79 70 76 94 23 70 89 80 86 39
100 89 44 38 36 86 38 61 94 37 41 37 76 23 51 42 58 61 49 91 69 32 92 67 52 37 22 57 86 55 31 95 84 75 88 69 88 50 100 29 45
72 86 58 60 60 30 33 30 75 58 83 33 64 80 99 75 36 28 100 39 33 56 82 75 94 21 48 48 46 50 61 68 92 53 72 34 88 87 65 76 53
32 79 93 58 78 97 32 20 53 94 34 51 22 73 86 70 68 51 82 82 22 77 54 60 97 87 48 76 63 60 44 74 33 87 72 26 60 48 39 100 93
98 47 59 97 45 78 25 81 36 80 87 85 57 45 63 65 76 42 81 59 25 95 60 59 99 91 50 43 45 20 94 55 74 83 32 93 33 94 78 24 89
46 76 42 60 47 98 88 23 60 62 39 22 43 64 42 49 28 84 44 31 67 72 41 22 55 36 73 74 21 28 44 47 74 45 23 37 55 81 91 43 33
64 72 99 96 69 78 47 63 23 20 63 36 24 32 56 68 37 26 89 95 79 98 26 40 69 71 48 68 33 67 55 98 25 41 93 79 100 49 50 33 89
35 34 80 82 71 52 31 58 82 51 86 97 86 30 78 39 86 63 30 48 52 63 76 54 45 73 48 74 27 84 82 29 94 35 67 21 53 97 25 85 72
47 56 31 94 62 27 38 29 32 39 77 58 49 44 31 23 57 90 64 97 59 98 35 83 69 52 23 34 23 97 57 86 75 69 85 64 25 71 24 47 86
23 24 64 28 91 92 77 23 51 57 71 36 26 48 83 74 66 69 78 33 37 47 96 81 39 80 96 45 76 29 24 64 93 58 50 87 34 82 99 82 40
29 27 50 36 31 36 99 79 98 30 55 76 40 60 39 72 32 71 44 58 95 46 54 29 74 94 67 38 70 51 47 79 87 58 73 90 98 83 85 90 37
39 30 48 81 95 37 63 20 40 67 52 77 91 43 56 33 21 72 35 73 95 40 59 85 50 37 51 67 66 93 97 23 28 41 44 31 60 76 44 93 36
58 82 29 25 88 87 92 22 59 61 32 94 65 51 44 26 30 67 93 80 84 46 85 29 90 70 26 64 72 71 22 94 37 97 66 62 70 95 53 94 20
93 57 93 59 95 30 38 57 93 28 31 98 23 63 35 30 76 88 88 98 65 62 85 92 52 44 89 31 21 67 60 21 43 81 39 37 66 77 25 83 53
47 25 83 67 32 40 39 96 43 56 98 48 26 99 92 65 31 23 78 71 42 47 87 82 80 41 77 28 60 82 94 40 99 81 49 61 68 28 50 53 43
68 33 48 26 81 59 64 45 74 70 21 58 37 100 76 77 34 55 80 32 55 36 51 43 25 33 60 49 88 99 55 46 87 42 43 89 94 30 60 72 90
86 80 28 24 91 22 75 98 39 55 96 24 50 59 68 42 64 68 56 33 67 76 25 48 62 25 35 21 97 20 60 83 78 82 56 95 21 88 94 46 85
60 78 72 22 61 39 68 45 38 27 51 50 66 87 78 73 22 80 70 60 33 70 88 43 42 59 99 93 93 56 31 37 87 72 94 64 76 74 48 85 85
55 55 91 78 49 71 77 68 42 40 29 66 29 90 29 26 51 57 49 26 45 66 70 22 41 44 75 32 42 62 59 87 62 62 70 53 96 62 35 51 51
93 89 78 58 77 87 34 43 29 93 95 87 44 29 85 24 29 98 43 58 76 39 41 33 65 87 70 25 89 26 82 99 53 96 59 86 49 64 65 84 29
81 94 46 74 94 34 52 44 74 78 59 54 63 81 44 62 46 28 69 28 49 84 50 20 50 82 20 50 95 34 57 49 44 80 98 79 21 34 97 82 86
79 93 38 30 38 56 97 55 31 100 36 25 40 82 70 55 95 77 80 41 88 61 91 45 40 89 47 26 98 97 77 57 82 92 24 44 30 76 64 76 87
70 59 49 48 51 37 23 66 60 53 39 100 82 68 79 70 40 69 88 47 95 72 95 40 68 95 93 37 20 25 63 98 87 28 29 60 65 73 20 99 47
47 68 72 28 39 83 31 52 93 80 90 90 38 70 91 23 100 67 66 32 66 46 41 33 91 81 94 32 94 55 31 69 69 71 26 77 66 65 76 65 24
48 87 31 39 35 64 77 97 60 98 33 43 52 74 69 98 67 50 91 35 49 57 59 53 47 56 76 50 35 64 21 93 51 68 62 47 81 64 69 27 42
67 96 80 64 52 99 71 29 30 28 48 33 48 78 93 72 36 97 61 24 35 96 72 28 79 59 74 61 46 68 33 99 41 24 46 82 83 88 72 79 67
61 68 85 63 80 92 50 20 63 29 93 37 65 30 90 29 53 96 31 55 50 76 35 61 39 53 21 57 65 85 45 39 50 65 80 62 65 35 56 99 87
89 42 20 31 90 85 65 40 67 77 97 95 88 32 74 95 95 70 45 79 54 83 100 90 58 64 22 29 87 38 45 27 22 37 98 24 32 28 90 23 65
92 96 28 31 88 23 80 44 43 79 42 22 53 67 73 54 35 43 20 85 54 90 85 69 82 82 45 85 33 41 93 21 28 85 33 33 21 32 67 88 92
20 20 59 47 38 77 88 96 98 62 42 23 35 28 23 41 99 82 89 78 64 37 47 72 71 71 92 42 67 85 53 56 96 77 23 52 34 32 72 69 33
63 40 29 50 43 47 38 35 65 47 88 69 32 41 35 66 64 78 22 59 65 33 49 50 99 42 74 45 73 48 62 97 51 98 51 72 59 25 61 45 53
42 43 25 91 84 59 27 72 81 34 47 46 97 57 37 25 58 35 36 48 99 95 61 68 37 96 92 81 93 26 36 59 38 42 99 52 74 47 26 78 83
27 52 28 63 70 76 51 94 87 100 79 83 37 34 58 56 76 54 82 44 77 30 91 98 40 97 58 33 62 57 48 71 94 79 97 40 91 83 30 49 81
56 87 70 46 20 86 70 88 34 43 31 69 73 32 44 62 23 77 34 60 60 46 39 56 32 92 79 91 84 54 28 77 33 85 66 94 40 34 66 82 25
82 72 20 93 54 30 81 96 55 43 50 45 49 42 94 48 96 48 52 34 80 57 29 77 24 20 97 49 85 35 42 28 88 24 61 88 55 33 58 48 80
38 36 30 83 93 67 89 80 23 38 49 45 78 22 70 48 56 85 46 85 40 98 69 36 99 61 49 62 76 25 89 25 82 67 21 48 43 54 24 37 38
83 60 47 98 86 29 62 82 73 79 80 50 50 68 22 87 55 96 21 23 62 66 84 65 22 97 79 55 89 24 57 54 83 35 21 40 61 96 95 67 45
61 54 64 85 40 52 76 46 28 83 66 65 89 79 49 24 99 92 69 56 90 60 61 58 97 41 54 75 20 87 48 51 67 64 54 20 33 54 88 40 93
72 99 27 89 83 63 76 66 26 92 92 23 31 68 96 27 32 84 89 66 38 99 62 26 33 70 82 37 83 78 25 55 98 38 94 40 96 22 70 37 64
89 57 44 69 82 55 74 30 56 75 92 33 30 61 80 27 62 39 82 94 34 98 39 81 83 60 63 76 92 66 66 40 20 56 74 65 60 88 90 24 55
36 78 84 53 67 41 92 84 46 68 95 88 89 91 37 75 54 33 72 89 90 24 100 93 38 65 90 69 87 100 67 24 56 89 29 92 80 97 69 32 28
41 39 25 77 37 44 25 20 87 55 22 84 35 98 61 22 27 68 30 95 95 52 84 48 99 27 57 74 48 78 62 50 85 50 28 57 69 29 95 36 98
33 53 53 93 69 75 88 43 23 68 60 47 95 25 38 42 71 66 74 85 38 47 91 86 71 96 54 49 71 23 22 96 52 96 63 72 42 89 25 28 97
70 67 60 77 41 90 69 33 40 74 77 24 25 89 21 27 82 63 62 51 51 83 55 88 41 94 88 29 42 58 93 68 86 62 87 24 45 95 31 34 65
60 53 70 81 69 92 54 40 38 96 52 52 94 95 80 86 90 31 26 49 24 71 29 88 20 28 32 54 84 57 27 28 83 34 47 55 28 82 90 53 83
40 26 72 31 61 41 73 95 84 74 100 80 61 42 50 91 46 35 34 51 65 85 52 54 33 28 75 44 67 60 74 73 57 64 37 30 75 98 23 78 89
57 48 64 39 93 32 41 79 63 73 96 41 82 78 76 94 52 37 79 79 28 51 97 31 84 53 34 98 84 68 83 24 85 39 82 51 79 97 32 74 90
68 77 69 94 40 99 20 53 36 28 77 53 34 68 62 99 60 54 30 63 83 84 74 58 72 99 56 59 28 88 51 60 66 86 96 92 45 67 57 56 21
86 26 44 60 70 42 24 46 67 59 59 32 96 38 44 86 90 29 40 100 69 24 43 30 75 32 37 81 72 49 62 48 85 27 64 22 89 78 70 64 58
81 41 33 99 89 49 89 73 21 52 60 92 20 26 39 91 58 58 56 46 49 42 78 68 40 33 31 81 83 96 43 83 89 47 38 81 97 62 32 49 36
31 46 27 81 72 58 46 48 78 42 29 72 43 77 59 86 91 66 71 37 89 36 44 49 35 75 40 32 91 87 77 24 42 35 67 91 48 24 40 84 53
83 47 51 22 42 52 32 65 27 38 58 97 82 40 33 92 86 57 27 89 60 58 57 43 28 47 50 40 54 90 41 90 54 50 43 22 55 99 91 68 45
60 78 27 89 25 80 76 34 83 20 36 24 92 49 23 39 23 39 54 49 37 29 62 43 65 54 77 57 53 58 81 28 56 92 44 96 59 37 75 28 95
43 66 69 82 74 82 70 21 64 30 83 63 36 81 70 29 49 89 70 86 22 97 49 75 62 56 20 52 88 77 65 89 45 65 57 73 60 68 73 24 59
30 21 46 86 85 42 69 44 42 63 75 32 22 51 48 62 46 73 26 28 57 43 60 21 67 63 50 50 56 85 36 23 42 40 25 71 44 39 63 52 20
99 96 23 72 58 42 86 32 52 82 84 58 46 67 65 40 25 67 58 57 50 38 22 57 93 29 87 79 33 40 100 47 93 89 33 71 90 35 44 55 81
33 55 61 26 91 69 73 70 42 100 64 27 40 85 96 64 24 68 99 84 73 98 84 20 70 84 29 63 73 33 63 99 37 55 37 57 36 73 71 63 44
24 32 89 73 96 53 22 95 89 85 94 75 89 34 96 20 64 43 22 61 48 65 90 24 47 32 84 99 45 66 75 22 97 59 72 86 89 29 57 36 50
39 23 28 68 41 35 70 54 24 88 88 29 96 90 94 44 79 39 86 52 46 85 34 80 37 78 29 84 40 36 41 54 34 85 56 34 23 59 86 58 75
24 74 78 59 23 77 38 22 86 67 24 20 36 59 86 93 60 98 42 49 72 22 28 87 78 87 39 61 65 32 67 62 52 53 41 39 22 88 72 58 33
35 68 30 91 45 61 22 99 70 42 31 22 24 87 65 56 41 74 32 62 23 92 73 55 52 23 92 28 44 63 69 47 93 89 54 88 76 83 26 70 68
77 71 73 97 56 82 54 34 62 33 73 61 91 41 98 87 66 97 99 20 40 69 58 22 39 71 74 74 22 65 27 74 45 84 39 74 94 85 80 99 27
20 21 40 67 98 20 43 70 83 48 65 68 97 50 64 37 57 97 40 41 36 23 73 70 78 48 64 73 31 31 51 94 85 99 77 52 24 68 69 87 49
39 33 76 83 55 46 83 93 81 59 58 67 69 23 87 64 87 37 95 43 66 32 50 39 38 28 81 69 41 97 25 49 93 73 85 96 44 44 59 47 65
83 47 32 48 26 49 60 91 38 27 28 47 76 61 30 94 69 52 48 91 32 31 58 90 32 42 64 53 49 65 85 56 40 85 52 89 77 67 58 50 87
54 36 66 36 96 62 34 75 64 80 48 50 20 35 32 30 46 91 86 61 95 21 66 86 31 77 43 26 58 66 21 51 48 68 23 21 43 80 46 78 73
38 26 26 97 23 58 96 42 33 23 70 92 44 33 35 57 79 63 35 34 88 59 33 39 22 77 76 62 94 44 32 36 99 52 80 59 35 23 75 46 80
55 87 47 97 62 81 46 34 25 61 74 28 46 35 24 28 69 76 48 53 42 60 64 42 44 45 88 57 62 60 58 95 27 90 86 64 32 22 33 34 55
79 76 25 43 89 71 43 80 61 28 53 36 20 60 33 94 54 46 95 23 92 71 98 98 28 62 72 43 51 28 71 67 94 46 84 83 40 44 75 26 22
77 67 80 69 57 77 79 61 31 55 23 46 78 85 31 51 71 34 20 38 96 42 79 76 44 33 39 69 70 78 59 25 87 93 24 49 20 68 86 100 75
96 81 23 55 64 27 45 39 24 41 79 73 88 55 81 97 62 20 57 28 46 95 93 82 93 50 72 84 47 68 70 33 82 39 21 82 82 44 23 44 98
85 100 93 78 75 95 95 51 28 75 91 43 79 26 63 60 85 22 79 30 24 41 97 58 72 31 67 54 27 48 65 62 80 65 52 70 53 45 92 92 62
39 80 82 41 74 74 43 34 75 60 22 25 75 87 59 81 74 85 63 83 73 80 83 73 47 75 69 89 24 91 26 71 91 56 76 75 23 22 49 69 86
27 35 72 50 64 47 95 41 84 72 37 88 73 33 26 48 68 92 66 55 24 76 34 83 99 50 40 67 88 44 73 91 79 87 90 22 32 20 100 61 64
66 75 21 79 93 30 50 23 47 72 38 93 74 88 36 27 55 75 89 43 41 48 66 53 66 23 55 50 70 73 27 56 35 60 53 77 94 60 29 74 55
23 67 81 96 37 75 98 24 63 90 31 50 56 25 89 31 23 94 94 25 32 98 84 47 76 71 37 49 70 53 27 53 63 47 52 58 27 53 52 66 40
63 40 86 34 44 88 56 20 63 39 44 32 51 40 64 69 63 33 58 21 64 42 86 22 87 43 97 83 77 38 87 65 60 46 53 95 51 55 44 44 71
77 46 35 69 28 83 68 41 79 56 46 23 20 66 84 21 54 35 52 83 33 59 86 35 88 32 99 32 65 93 38 29 42 31 97 33 85 38 41 58 95
24 74 52 30 84 66 40 48 92 54 94 33 84 47 82 39 88 85 31 73 70 30 37 53 28 23 42 82 95 41 91 99 96 79 60 35 28 72 32 88 30
23 82 21 85 73 86 56 97 66 79 39 85 82 67 56 41 27 29 67 97 99 36 92 71 55 69 80 45 47 62 33 88 52 82 84 74 58 20 82 86 96
64 99 94 66 33 94 55 68 23 71 76 50 93 37 60 29 30 74 96 34 46 35 58 94 64 43 56 83 88 80 31 48 92 35 99 56 98 29 83 33 59
94 55 53 74 37 84 72 83 71 41 43 88 57 63 72 65 62 81 87 30 58 81 68 32 55 33 41 28 84 48 83 69 60 51 25 81 87 86 54 47 20
33 66 60 98 68 34 47 83 89 20 49 83 82 79 64 60 38 43 30 51 59 68 25 69 98 74 96 98 100 94 92 81 39 35 31 92 21 43 27 28 67
98 89 94 31 58 49 51 33 93 20 41 66 51 65 89 49 37 98 22 83 20 39 72 73 88 51 61 53 77 76 96 38 77 94 79 42 90 35 55 37 80
27 95 26 84 58 86 75 96 91 50 68 37 68 33 33 27 69 63 65 61 24 72 92 43 90 50 75 45 65 66 23 56 20 67 63 52 78 86 59 77 84
73 85 49 68 100 53 93 61 78 60 76 46 69 49 76 45 23 77 42 42 23 67 23 82 54 73 30 67 31 77 21 38 84 93 56 64 97 53 35 67 25
71 57 67 98 29 76 70 86 20 33 53 57 83 27 32 62 56 75 79 43 70 66 55 23 75 41 32 27 43 92 21 44 96 28 21 70 65 69 66 21 80
67 27 84 37 52 28 29 57 33 84 24 80 48 29 71 27 52 25 29 41 97 41 80 57 38 86 64 84 23 68 100 71 44 38 100 76 97 23 47 86 74
95 44 69 52 50 50 67 30 67 30 80 96 32 47 76 27 33 90 86 44 60 32 99 100 20 50 21 87 49 86 71 37 40 99 86 73 60 79 32 69 68
63 25 92 30 28 41 50 36 72 24 57 55 83 78 56 93 82 69 48 72 64 80 80 27 43 90 76 93 35 67 84 30 68 59 37 90 28 62 100 29 25
22 93 64 75 69 25 54 78 87 37 45 94 55 82 23 81 63 64 91 64 78 42 83 45 73 39 37 82 20 68 72 23 32 48 30 92 51 63 63 45 72
69 51 97 71 58 68 66 46 64 70 92 63 79 64 53 39 33 57 64 76 32 49 61 53 29 51 70 62 79 26 59 21 83 41 84 24 40 39 31 74 75
35 64 34 64 90 30 64 36 85 44 26 33 41 25 27 74 26 50 75 25 27 28 71 72 56 62 86 80 66 94 34 78 31 25 84 63 81 86 47 46 88
58 54 86 76 48 81 52 99 42 65 61 26 41 98 26 24 40 89 57 71 61 94 36 49 52 34 46 77 23 52 58 55 81 98 81 68 94 92 40 33 100
39 87 35 27 61 23 37 86 44 98 43 89 75 82 96 40 38 74 26 34 79 72 24 33 57 41 83 54 42 65 70 65 23 81 81 97 76 88 92 50 93
92 64 70 49 69 57 82 88 55 49 54 83 43 58 24 93 37 49 81 47 70 36 46 56 75 82 99 49 54 87 22 84 36 76 48 28 83 36 47 77 32
53 51 47 51 62 33 100 96 39 78 88 75 72 93 92 77 68 97 34 95 34 68 62 65 95 95 47 26 37 53 78 30 76 73 62 93 85 74 95 80 30
73 28 59 60 45 67 75 96 34 53 43 88 22 73 59 64 99 61 25 67 54 54 77 80 96 76 30 46 52 80 87 64 89 44 90 93 45 74 27 53 68
99 39 40 68 93 21 66 67 83 62 53 84 25 70 21 82 86 98 72 55 56 20 23 79 41 76 80 31 65 85 49 85 64 68 30 57 57 31 21 98 33
76 68 23 42 86 40 35 89 78 98 76 83 79 81 87 27 52 56 43 57 26 47 92 99 53 69 61 53 68 26 80 79 58 49 20 35 65 92 52 69 96
40 20 34 97 44 51 34 77 76 73 73 73 47 56 68 83 78 29 55 58 100 27 59 78 68 86 26 79 53 96 65 95 78 61 39 55 47 99 53 47 42
97 61 80 44 53 84 49 22 90 31 63 98 56 20 62 44 24 66 37 22 87 45 90 100 60 73 20 35 53 84 31 100 68 24 99 43 85 58 84 41 54
95 86 91 48 99 64 69 74 56 61 48 35 58 79 33 51 28 36 80 21 99 56 72 85 20 88 26 60 64 82 32 59 27 81 32 93 79 26 85 57 25
24 98 27 55 98 49 58 36 80 35 56 34 66 20 100 64 26 58 29 49 71 80 55 20 79 83 97 26 50 80 22 80 83 92 94 60 74 87 85 40 92
27 34 27 48 52 60 44 62 75 52 54 89 22 87 41 88 83 59 31 51 92 45 26 29 31 88 57 57 92 74 89 38 40 99 45 39 29 33 85 30 22
70 57 24 74 77 92 43 83 69 95 43 60 95 46 63 100 72 32 28 92 75 33 57 75 68 45 69 77 54 86 56 24 100 39 71 44 62 25 100 39 24
68 35 63 92 88 75 50 70 34 50 26 61 56 72 100 92 40 75 96 31 70 89 86 83 33 79 40 79 47 92 78 30 42 45 33 56 83 87 48 22 49
96 34 53 81 40 54 57 49 47 37 38 55 78 58 89 28 25 42 43 63 20 97 53 29 45 55 48 79 61 82 59 46 54 77 80 66 26 99 55 62 52
47 85 62 95 97 27 58 39 96 24 35 80 97 69 37 21 96 20 25 61 48 60 90 51 100 97 53 62 40 73 22 53 47 70 92 40 26 39 38 85 76
48 81 95 23 86 23 84 76 91 34 50 53 94 67 63 51 25 48 23 63 64 25 88 56 54 31 36 59 34 40 90 89 40 28 39 32 24 34 32 45 43
33 67 27 78 21 58 21 32 45 77 58 93 52 58 46 37 64 20 49 71 74 92 71 81 56 74 56 55 52 77 72 62 53 40 85 37 60 86 95 37 35
32 80 23 79 79 83 93 55 99 56 80 76 67 37 64 87 96 65 45 78 47 48 89 28 62 79 73 44 66 22 28 31 40 69 75 28 28 25 61 62 92
84 86 82 42 79 23 54 51 20 56 30 73 68 43 59 28 33 60 36 86 94 54 26 38 72 53 70 93 79 92 84 24 30 27 73 30 38 100 85 75 63
97 68 35 76 83 47 39 83 78 85 77 81 42 94 66 98 49 79 73 74 42 22 23 24 32 41 80 74 42 49 59 35 25 45 76 79 61 98 78 78 70
81 41 47 73 32 77 49 40 78 87 48 21 96 60 38 32 63 100 74 24 87 42 84 60 100 65 33 51 84 30 86 22 73 84 83 88 40 58 24 64 20
78 20 90 83 83 47 76 91 51 59 73 63 56 49 84 67 94 20 100 39 23 91 64 61 44 79 23 70 97 28 79 79 75 26 29 51 87 44 28 97 99
86 40 78 51 37 99 31 64 42 69 75 85 68 84 53 99 37 93 44 22 58 22 23 47 43 93 30 93 51 23 39 50 53 51 57 97 86 43 83 79 26
25 78 65 21 39 59 60 34 85 25 85 24 98 77 54 62 94 72 92 90 62 49 100 79 40 43 45 75 57 42 87 61 27 29 62 37 96 86 85 21 31
94 78 22 43 54 97 85 86 53 38 79 49 35 69 31 60 76 56 46 95 80 97 31 54 58 70 66 62 56 84 58 53 77 26 79 77 34 20 77 57 32
53 38 49 59 39 39 43 83 34 44 40 85 72 52 81 79 33 73 63 90 69 92 55 97 85 75 62 41 36 79 57 43 33 21 84 52 51 26 43 35 73
99 39 28 29 94 57 52 40 59 38 52 73 76 70 73 21 68 88 52 40 36 62 51 24 63 33 59 51 27 48 25 83 100 21 41 84 94 40 52 56 54
59 96 49 38 65 58 80 72 75 59 39 94 39 50 37 83 71 67 88 35 69 63 70 35 42 23 64 45 52 88 53 30 23 64 74 89 33 63 69 63 22
47 55 42 48 59 55 60 87 38 90 40 21 21 51 20 54 86 73 28 40 51 90 34 57 77 48 98 78 26 90 87 60 23 95 75 99 75 38 87 85 70
68 63 85 84 90 27 85 72 100 50 32 99 87 63 74 85 95 90 32 69 64 55 94 38 88 72 72 73 85 75 58 51 79 57 57 55 38 64 60 76 57
56 77 65 40 100 58 86 89 79 31 56 59 99 48 79 67 67 88 84 73 57 83 27 24 50 60 23 44 73 32 64 82 75 83 62 62 67 72 85 59 21
37 81 90 28 39 81 100 58 89 89 85 26 20 62 27 52 35 96 33 79 74 89 39 64 29 100 82 93 52 94 84 61 96 55 30 34 78 45 94 60 54
36 49 53 93 47 99 90 42 80 50 100 65 48 39 72 87 23 24 72 35 77 39 76 68 29 45 78 98 94 32 35 93 21 82 77 35 53 69 100 57 89
97 72 83 36 30 54 22 28 95 79 92 46 94 48 59 51 55 78 78 44 53 81 70 46 83 38 90 50 79 61 67 41 73 48 55 37 96 39 35 50 100
31 36 82 38 82 59 31 47 100 86 40 53 21 79 52 39 73 36 55 84 80 95 50 72 48 62 89 37 67 85 26 81 82 27 76 32 22 46 47 25 100
29 96 58 39 86 52 54 99 54 49 56 66 74 26 74 29 66 51 21 23 86 58 24 25 41 61 60 36 100 65 51 23 46 35 37 42 31 74 58 22 33
49 33 81 34 25 41 48 76 71 92 24 28 54 91 27 24 22 30 44 62 87 23 95 67 71 81 56 54 65 39 42 85 38 26 28 67 50 44 70 95 78
100 61 49 27 88 64 50 59 47 50 21 90 45 57 84 32 83 40 24 75 80 97 38 54 84 84 34 20 100 67 54 87 66 84 45 89 28 22 44 57 25
83 27 58 28 31 68 27 82 65 22 56 63 70 47 98 96 46 88 66 97 62 67 42 87 80 24 90 61 51 56 89 33 86 88 55 65 28 21 77 34 25
90 47 75 46 72 85 44 87 31 65 61 58 55 89 27 42 41 43 30 66 65 54 73 55 44 76 33 70 52 53 59 22 30 41 90 27 39 91 50 60 38
21 20 55 34 68 98 26 90 72 30 87 39 56 47 42 86 46 66 97 89 81 46 44 91 27 42 87 81 45 23 59 31 60 73 33 92 88 78 25 41 36
44 61 86 83 29 24 75 73 93 53 78 47 39 96 64 94 39 23 26 77 60 51 82 23 49 91 39 64 69 47 73 82 68 49 63 88 45 94 89 35 77
57 61 48 91 74 97 100 82 69 79 62 65 65 83 94 95 91 39 69 58 98 97 99 85 41 28 65 86 23 47 24 61 94 47 75 29 37 59 43 74 52
94 26 29 33 43 31 79 75 91 83 21 26 53 96 52 33 92 65 77 79 89 29 60 93 56 89 91 81 75 70 74 58 75 23 90 24 41 82 89 87 38
31 59 96 25 98 40 71 67 91 68 44 36 75 24 78 28 54 82 45 63 27 55 28 65 65 53 67 50 74 73 69 53 53 21 83 87 85 65 88 42 83
