40 188
568
578
573
985
637
571
893
911
713
770
529
800
573
893
753
636
753
708
985
529
546
973
938
865
853
526
959
773
768
925
658
541
864
706
593
924
734
786
861
856
75 24 72 48 68 100 92 38 74 43 82 80 41 99 47 46 52 31 55 23 20 51 64 96 86 71 66 61 52 36 54 34 97 62 84 29 46 46 84 92
73 97 43 84 66 98 43 35 41 42 62 59 71 44 22 28 80 80 99 92 64 62 58 51 80 58 31 24 99 46 58 52 54 52 26 95 38 88 48 49
96 42 20 42 42 24 30 35 81 27 29 98 85 96 78 46 96 84 62 91 73 79 54 31 37 44 34 45 41 65 82 89 50 64 83 98 53 89 80 24
43 67 28 100 99 21 30 23 22 27 45 48 62 37 60 51 27 98 92 55 49 64 34 96 96 82 62 73 58 37 64 67 71 79 88 39 95 50 46 85
93 42 56 91 46 83 57 49 24 46 69 66 66 30 97 91 80 72 95 97 71 36 50 76 92 32 84 82 60 100 40 66 97 81 59 49 97 56 74 46
63 93 34 99 73 91 38 63 77 82 46 56 30 35 30 75 97 23 77 41 41 82 29 71 29 20 41 40 71 85 90 70 24 64 26 21 68 42 79 41
94 85 100 62 95 89 47 33 34 57 46 79 95 61 23 87 69 27 80 54 55 64 31 97 98 48 52 33 20 26 76 39 46 28 36 74 54 83 76 99
91 59 31 35 53 58 70 55 81 78 77 26 47 43 96 38 57 26 32 36 83 51 25 65 82 29 74 72 82 37 71 98 75 46 51 99 53 63 80 43
47 71 96 48 58 51 96 56 91 32 100 95 22 78 39 26 59 76 69 91 79 24 83 76 76 69 75 97 100 61 73 87 90 54 80 20 42 61 34 35
51 58 54 67 32 90 20 67 64 20 28 33 73 84 63 75 60 30 72 77 47 93 95 100 63 42 65 28 29 99 22 59 37 95 93 72 78 66 42 66
43 64 68 24 89 52 64 27 37 46 58 77 58 73 56 87 23 37 45 56 99 77 38 47 79 82 31 31 61 73 77 65 34 30 24 43 99 50 74 23
27 71 62 53 93 52 41 34 29 67 90 61 22 55 80 58 89 85 72 42 54 37 38 88 80 100 78 88 68 59 24 32 83 52 63 82 80 33 50 36
98 92 63 64 25 43 78 69 71 33 23 67 63 41 39 92 71 94 38 36 60 76 43 76 55 31 29 91 92 36 30 86 31 66 57 88 35 32 55 68
45 63 80 99 24 74 78 83 30 44 34 94 79 37 27 96 35 47 33 33 34 38 44 65 36 87 80 36 55 29 23 24 74 51 27 49 64 69 55 57
24 54 56 31 76 35 85 52 88 51 87 81 78 34 92 32 39 22 45 88 63 47 28 87 98 82 22 36 88 94 80 92 23 75 85 47 98 23 48 71
75 22 76 60 70 24 67 47 77 24 45 29 60 30 49 75 60 40 20 95 79 78 58 64 23 60 22 42 97 38 25 54 53 37 43 52 99 36 82 81
34 94 80 80 72 93 45 64 90 23 72 84 82 39 77 34 89 53 31 52 86 67 75 78 89 32 97 83 26 44 65 76 37 54 20 42 91 31 88 52
25 69 52 93 70 68 96 74 73 22 87 50 48 56 40 47 92 35 29 49 82 47 22 100 85 63 59 60 53 95 65 54 90 66 49 40 57 96 98 97
81 96 41 55 30 57 98 52 66 30 48 71 45 89 97 94 46 31 34 85 40 55 81 21 34 23 83 58 70 22 92 24 88 84 77 75 95 65 40 71
93 52 72 53 25 25 59 59 27 61 94 77 31 100 70 87 72 33 45 47 91 60 88 59 85 82 95 78 81 59 50 88 21 99 29 92 97 37 41 49
87 79 50 74 84 65 44 80 60 69 31 69 82 65 84 41 80 62 42 98 75 98 74 63 72 40 25 51 62 38 72 54 32 68 92 49 60 92 79 26
46 50 88 73 79 43 48 63 59 48 33 53 37 99 27 58 49 71 56 26 29 21 92 88 69 83 44 53 70 42 96 66 90 75 41 97 98 71 78 28
65 23 80 27 58 26 86 97 89 53 83 28 32 92 77 23 76 80 66 90 21 44 43 21 86 48 85 51 24 98 32 72 33 39 21 91 31 64 70 58
41 36 74 90 70 70 70 64 95 69 88 29 81 91 38 73 72 61 35 61 62 89 96 50 78 85 67 29 38 56 94 98 66 41 48 88 46 56 66 74
74 81 21 27 61 68 50 83 42 21 46 60 67 25 35 100 54 50 92 30 65 60 69 60 77 41 81 71 77 65 53 20 58 46 62 20 26 22 22 49
75 83 22 77 26 82 96 63 66 81 37 24 74 33 65 73 28 58 52 83 95 56 75 23 59 100 64 98 52 69 79 71 27 67 89 81 72 24 78 60
76 97 22 81 57 53 32 42 83 53 47 77 75 77 71 88 84 93 94 21 73 66 60 89 85 59 98 58 24 94 56 61 99 65 92 81 69 26 23 94
98 90 30 20 29 98 98 51 49 58 45 85 98 38 25 98 50 23 91 100 86 39 52 53 99 65 22 25 80 30 37 79 29 54 88 88 28 63 25 39
79 57 61 25 29 52 34 22 45 36 28 99 64 62 59 38 40 22 90 67 58 72 93 57 63 63 90 95 22 90 32 73 71 71 53 26 20 54 20 85
89 98 72 47 95 34 96 70 83 55 36 58 70 95 84 100 67 68 45 57 21 37 41 96 95 99 49 28 80 84 38 60 53 88 58 67 73 90 34 40
29 80 100 81 63 79 27 31 52 100 20 53 90 79 34 68 70 72 63 68 40 36 93 63 31 69 68 48 24 89 68 22 88 98 85 51 58 100 83 69
36 22 48 75 85 91 100 97 53 52 24 98 47 96 68 100 87 89 90 49 97 71 38 99 29 70 74 64 72 22 75 47 48 29 68 60 45 43 80 27
87 38 74 60 22 44 61 100 66 65 79 38 45 88 66 49 70 41 55 47 59 20 90 60 24 68 70 29 86 69 47 46 22 56 54 35 66 96 20 96
20 34 47 88 43 100 64 40 52 55 64 74 65 69 64 76 51 42 68 28 41 47 74 93 76 61 55 33 83 44 60 53 60 73 22 31 58 68 49 66
27 92 62 31 40 92 57 37 87 64 95 21 67 23 40 53 32 68 33 22 48 26 72 51 79 79 74 75 53 54 57 88 33 30 24 62 84 96 81 85
65 34 70 57 94 72 64 23 95 91 30 40 61 67 68 32 47 46 24 92 58 27 100 72 63 88 85 94 59 53 71 52 48 99 71 87 56 59 71 80
43 52 98 82 30 68 86 31 40 73 31 100 92 36 22 99 62 22 82 66 74 48 68 43 83 92 59 46 40 61 38 51 39 92 93 48 27 51 56 47
42 58 58 24 58 47 61 83 20 94 94 20 61 62 70 77 20 44 38 59 68 99 63 43 68 89 23 90 43 30 80 74 37 98 40 30 82 42 82 44
88 72 61 61 41 74 70 26 38 23 45 28 41 55 98 30 43 98 100 98 23 45 97 53 36 49 58 49 65 70 91 77 74 99 23 99 72 59 42 95
25 54 96 33 63 51 24 47 90 80 66 49 49 59 59 46 22 53 41 48 80 69 69 75 62 25 70 68 58 64 24 76 28 55 69 95 25 83 81 30
99 85 30 73 22 68 86 93 86 71 45 80 26 28 42 45 24 94 64 48 48 78 32 34 57 47 38 50 40 55 67 35 68 59 63 39 65 22 70 76
20 97 22 46 100 80 83 51 29 95 88 53 50 51 88 99 61 38 47 69 26 82 76 90 34 67 27 98 90 54 63 21 80 34 77 83 38 60 85 20
93 46 27 60 81 95 26 58 57 90 100 59 53 89 94 21 69 91 66 36 85 92 92 28 94 20 68 73 83 85 55 47 72 21 51 98 33 39 24 35
66 55 24 90 25 53 35 27 90 36 92 72 56 94 93 36 95 86 89 79 66 71 48 61 88 82 58 72 59 62 64 77 86 44 64 73 59 62 98 43
23 38 64 56 69 57 96 24 52 22 35 34 35 82 91 80 39 90 29 98 59 57 25 65 39 79 71 31 77 54 29 34 61 60 78 97 54 32 74 46
37 82 36 60 32 39 30 97 99 43 89 63 46 69 97 92 39 29 46 36 77 27 98 88 79 85 55 74 77 44 47 61 43 25 76 67 31 79 24 55
80 23 30 89 81 90 37 73 94 22 87 79 88 26 76 57 55 60 59 41 97 63 55 63 47 86 91 75 67 36 75 49 25 73 93 57 93 28 93 35
83 27 92 71 71 31 29 23 85 86 84 66 65 98 87 96 34 55 73 85 36 93 72 22 92 20 90 27 98 87 82 37 79 20 57 37 33 49 52 74
83 28 85 39 66 29 62 50 44 91 59 20 80 62 39 30 30 28 80 45 60 87 21 45 27 49 42 43 50 42 29 48 62 63 60 48 71 40 86 86
75 63 54 42 48 26 35 65 88 40 45 89 71 24 65 88 51 68 61 43 88 36 79 69 94 99 50 58 43 72 80 94 98 40 47 68 99 69 88 86
52 22 43 26 49 86 58 42 86 37 94 57 92 42 43 90 26 50 98 93 90 86 91 71 65 56 24 64 29 63 59 28 89 70 94 86 41 25 97 40
34 82 79 75 95 23 62 26 39 41 49 35 90 97 25 74 64 84 63 20 22 25 100 89 73 35 41 80 80 51 96 58 80 79 64 89 96 95 24 44
44 58 57 87 57 61 96 61 45 98 41 60 23 71 29 37 87 96 83 21 74 59 27 92 98 38 96 52 89 58 69 97 85 27 71 59 72 39 62 87
21 31 86 31 64 24 82 72 83 80 96 93 86 64 95 41 100 44 65 87 82 90 61 60 49 69 74 77 36 25 84 32 76 35 68 87 49 65 26 41
36 86 20 98 54 45 49 29 59 97 22 96 43 91 62 76 21 33 97 46 87 71 99 78 100 89 58 76 67 47 66 73 100 78 96 65 92 98 66 21
79 50 38 38 42 81 40 100 56 61 100 37 88 71 36 81 46 93 92 50 43 80 25 23 36 87 38 67 61 37 61 45 90 54 70 57 99 58 69 96
71 78 32 80 57 43 54 99 52 69 95 30 40 35 68 28 37 66 43 49 37 95 26 39 44 80 89 32 95 48 80 81 70 26 54 44 74 51 78 32
30 23 61 57 43 85 37 65 22 68 65 63 25 95 46 38 23 50 35 49 48 54 75 20 53 66 81 98 73 31 41 33 50 41 94 41 48 98 51 23
58 48 87 64 38 21 64 42 44 97 81 67 51 49 41 32 91 35 29 37 85 88 85 30 31 96 25 78 82 73 79 71 95 47 24 87 46 69 92 69
65 99 74 85 22 79 33 34 97 64 89 48 65 81 54 68 32 57 99 66 22 57 93 74 89 94 32 39 23 34 98 33 24 96 58 74 67 24 56 47
28 91 82 37 56 79 59 90 49 50 34 37 57 56 28 72 87 31 95 70 98 35 99 63 98 76 80 57 100 43 85 55 89 35 24 31 42 48 51 60
22 76 91 48 75 36 51 71 75 96 74 93 79 92 94 84 77 29 40 59 74 39 95 54 30 38 55 42 45 30 84 47 37 27 45 78 81 72 64 82
34 80 22 42 84 32 99 77 91 77 51 30 47 43 63 23 95 28 93 99 69 43 83 87 69 55 55 75 29 72 89 25 23 78 89 60 45 65 59 37
69 49 35 41 66 42 92 88 70 68 51 46 96 72 64 88 83 51 73 39 68 36 81 69 37 99 37 74 49 76 26 90 25 93 96 36 79 53 54 91
74 35 90 62 25 96 28 65 95 89 62 91 78 68 27 37 66 85 27 64 95 69 85 38 77 48 49 97 64 95 47 39 51 65 43 31 47 45 32 51
46 41 36 32 49 82 76 50 62 72 95 45 96 51 51 26 97 36 58 88 34 42 35 58 21 88 94 31 77 64 80 93 23 86 31 84 21 27 24 52
68 46 20 83 58 66 35 28 59 85 33 51 72 81 60 77 48 65 97 72 95 66 100 52 92 24 45 89 50 43 33 88 81 24 68 28 46 35 46 47
92 52 56 97 54 45 32 79 99 45 55 34 30 46 100 85 82 63 89 30 56 86 30 50 69 63 93 81 26 78 46 69 27 33 22 38 81 36 46 85
92 34 42 39 26 52 23 86 51 97 90 72 41 77 35 55 91 22 92 51 35 31 21 85 70 51 94 79 26 37 62 68 82 35 51 46 25 61 90 72
41 21 78 95 40 43 89 38 32 27 84 77 81 52 31 31 94 49 95 53 44 67 71 22 20 24 79 33 49 74 69 41 87 90 97 85 59 29 84 37
32 78 59 41 24 89 60 42 44 61 60 62 64 44 21 54 27 71 64 77 41 63 43 20 87 80 65 29 92 33 69 79 76 88 56 59 27 97 50 82
41 52 98 45 88 68 33 95 49 50 90 53 61 52 48 78 64 65 41 33 77 61 55 78 88 20 89 50 63 52 40 76 39 88 85 67 94 36 59 74
72 64 59 51 80 46 27 79 90 54 47 78 29 28 46 56 65 90 22 39 54 69 87 56 66 62 66 50 76 70 71 49 79 59 48 43 42 42 31 97
95 53 39 30 63 37 35 40 41 65 96 74 67 33 35 84 23 37 63 70 84 91 57 89 51 53 76 86 84 74 73 79 45 61 69 37 53 67 94 87
78 26 76 61 57 57 26 61 44 64 48 25 51 58 93 29 78 88 61 71 43 72 48 82 41 54 80 36 71 42 46 45 66 52 40 69 84 61 72 46
88 38 60 72 61 40 98 67 44 45 37 25 86 31 74 83 24 95 96 67 37 77 68 91 81 25 34 57 43 77 25 64 68 88 47 97 61 74 21 33
68 26 49 75 82 30 56 75 63 56 77 77 60 66 27 44 31 93 84 79 44 52 64 84 85 81 83 77 39 58 69 33 94 48 35 42 24 94 44 75
64 78 48 61 50 35 94 57 28 71 43 36 28 95 51 100 51 44 59 30 68 81 32 68 95 21 74 98 82 57 41 94 92 45 66 27 46 45 65 49
100 76 90 23 32 58 66 71 68 99 70 58 61 31 45 78 89 39 38 82 31 61 61 72 69 55 88 78 97 62 37 31 30 60 46 40 44 41 76 69
71 23 40 39 29 98 44 47 43 61 84 50 89 20 43 42 47 60 46 76 98 86 57 29 53 90 51 79 56 25 49 91 77 62 39 72 92 72 89 67
69 29 84 78 32 47 99 44 58 28 41 33 75 57 79 58 76 52 22 24 99 84 64 29 70 73 57 75 72 49 64 72 66 47 48 33 65 30 28 30
94 50 76 41 96 40 39 78 73 88 49 97 33 29 21 55 38 22 51 51 78 65 30 96 90 63 98 30 52 92 59 87 31 47 67 45 68 91 34 45
76 69 93 43 66 76 63 86 83 32 38 65 88 30 41 40 52 35 54 27 78 72 25 95 24 27 48 58 66 92 66 91 70 64 28 53 72 74 34 20
99 62 31 42 81 44 60 27 83 89 96 72 27 64 56 30 33 91 100 43 96 38 47 47 66 49 27 68 71 38 90 37 75 45 36 55 57 31 93 20
79 48 22 81 91 86 74 79 48 25 68 48 100 58 73 100 29 91 83 55 35 40 82 93 85 30 54 59 69 36 79 85 52 65 91 93 57 45 46 23
58 25 61 53 39 42 78 40 59 92 85 22 32 77 100 38 52 33 75 67 77 71 23 58 39 23 85 45 91 25 20 33 88 70 53 40 83 27 97 32
20 60 73 78 46 96 32 27 96 28 50 83 24 77 72 45 100 68 98 98 71 93 98 32 39 92 32 99 63 59 86 28 29 37 74 38 20 46 21 55
70 44 61 86 68 38 85 43 61 100 61 31 69 56 81 36 44 24 79 63 93 46 62 98 80 78 45 91 36 48 32 84 74 54 85 83 68 50 53 52
34 31 76 50 39 54 25 94 64 91 55 62 69 65 45 91 93 59 80 36 22 78 45 67 52 84 34 83 65 99 36 73 26 68 98 40 37 36 46 44
41 100 95 80 26 93 74 66 88 98 94 38 69 53 80 82 58 95 45 99 72 31 61 72 60 69 78 30 23 43 93 30 95 49 26 33 45 81 92 29
42 78 56 93 51 20 96 100 70 68 89 26 87 24 88 21 34 92 53 31 60 40 37 25 31 75 20 53 51 68 47 45 41 38 90 33 98 39 90 52
21 50 98 59 72 52 37 39 20 57 25 64 20 69 97 63 45 57 68 30 37 68 20 93 23 41 51 86 88 50 69 52 80 48 99 40 52 76 39 88
56 57 21 82 100 59 91 86 62 41 98 92 22 68 92 89 95 75 44 94 25 85 63 70 69 82 69 99 42 45 96 58 93 51 50 51 23 28 95 54
54 70 29 53 61 99 94 31 33 88 63 97 29 57 47 38 88 91 30 97 64 29 74 95 89 36 50 47 81 99 40 22 76 68 24 37 83 71 28 34
31 54 81 20 91 44 56 64 33 53 57 92 49 86 26 62 41 86 82 85 76 61 99 71 56 78 40 23 86 72 52 95 99 100 55 96 71 57 80 34
65 47 97 37 28 63 64 79 34 62 66 55 49 56 98 96 80 35 37 58 48 59 96 84 80 61 51 40 98 36 92 71 38 36 44 63 21 46 37 25
93 49 41 20 90 77 59 32 70 86 64 62 84 98 69 62 80 71 64 95 40 28 48 87 27 43 20 34 89 48 22 91 25 84 32 43 33 41 49 25
29 86 90 27 41 75 41 23 92 31 25 73 78 73 66 48 93 65 53 45 23 24 22 90 40 85 75 49 79 92 20 37 97 59 78 34 98 55 49 20
85 32 23 61 63 26 35 38 28 33 45 74 30 96 30 72 52 43 24 71 59 66 54 56 78 75 85 58 89 69 38 89 96 86 35 44 25 88 90 91
73 69 22 85 28 95 72 96 26 54 40 64 45 81 25 48 42 29 90 46 42 64 85 67 36 66 49 54 58 69 52 87 87 83 58 90 70 96 36 22
57 75 38 69 78 68 100 89 98 69 67 75 65 38 50 23 56 64 77 29 48 67 77 67 33 69 56 27 40 35 26 20 70 63 99 39 30 58 96 89
34 73 31 55 52 55 29 34 20 86 84 23 100 42 30 33 95 29 44 49 50 28 24 33 45 63 100 91 42 36 58 60 26 64 77 41 31 52 52 83
78 31 32 30 37 99 41 20 28 31 96 38 77 60 22 36 22 82 59 60 20 30 63 51 27 75 34 53 93 69 82 43 60 79 43 28 99 78 70 93
34 36 53 38 71 89 79 76 38 73 51 48 29 87 31 57 54 32 92 55 82 98 55 25 51 41 82 85 65 68 98 72 26 46 59 85 37 43 21 87
83 93 93 43 80 67 91 53 65 52 99 99 74 97 87 51 91 33 27 32 55 35 31 23 91 29 79 80 23 75 54 88 49 60 31 48 22 97 94 58
45 70 55 36 23 24 47 49 61 67 85 25 30 75 39 92 37 82 63 78 26 85 67 81 77 86 21 96 65 32 21 61 97 25 70 98 93 87 34 100
88 73 25 26 84 22 75 74 78 40 83 21 72 34 41 40 58 93 40 93 80 70 32 77 44 42 48 44 61 84 42 72 86 36 49 67 68 90 76 89
24 40 43 36 48 73 60 34 56 46 76 62 60 33 73 76 20 50 48 76 20 44 56 41 100 90 72 22 99 72 35 41 23 98 55 22 37 75 52 24
58 46 98 96 47 39 60 98 83 83 38 20 36 24 44 67 59 58 74 41 99 75 30 65 29 27 57 94 89 35 58 24 64 82 51 64 37 56 22 92
43 34 43 63 57 99 59 56 65 65 93 47 25 35 27 72 82 39 37 92 46 43 96 83 87 22 91 38 54 68 57 97 82 32 93 95 22 97 47 56
66 36 79 23 74 81 34 48 61 36 35 80 83 90 94 46 40 78 72 55 86 27 86 32 79 27 82 84 85 74 52 29 72 58 21 87 81 99 29 71
88 98 53 66 66 91 52 64 47 89 62 38 84 64 91 21 75 23 56 70 81 65 89 41 47 54 87 30 48 48 27 24 33 98 92 48 37 52 65 64
57 50 63 97 35 32 89 30 94 94 97 30 96 58 25 44 33 34 72 40 72 90 63 71 39 67 25 74 55 97 65 100 26 97 93 22 27 60 98 89
76 30 21 38 55 34 30 65 36 55 44 51 80 28 87 76 40 91 48 97 32 52 42 79 53 36 30 64 67 24 38 67 62 94 88 45 99 26 48 44
83 65 22 71 98 75 67 50 93 69 89 52 22 94 53 42 83 69 54 40 81 87 21 22 40 59 85 48 40 36 65 29 100 28 70 94 83 73 84 53
40 95 84 89 98 54 100 92 55 49 26 22 73 44 99 53 22 97 71 37 59 26 47 76 69 49 86 94 42 25 55 68 69 78 21 63 23 70 60 25
54 32 47 79 23 37 97 33 63 86 94 37 46 93 33 55 88 71 69 75 50 55 62 65 49 30 88 29 41 60 61 73 60 62 41 96 55 63 77 67
84 51 33 63 41 43 85 55 43 48 78 80 81 46 95 35 78 58 24 79 85 57 88 91 70 67 29 41 51 46 85 35 38 83 47 87 22 72 37 47
44 94 45 96 22 61 59 78 96 56 54 82 77 33 29 45 25 20 50 38 38 74 21 55 70 73 54 53 79 52 48 62 57 66 96 96 56 30 68 64
97 79 86 35 34 56 44 51 72 38 97 21 23 34 99 65 84 60 53 38 99 55 22 41 61 70 20 94 98 41 34 25 64 63 61 34 75 58 39 48
76 31 22 96 72 22 91 64 56 23 96 38 59 93 44 35 30 27 30 61 87 54 49 20 41 100 35 100 48 54 73 20 52 95 89 52 75 53 28 35
89 51 80 37 55 41 23 76 74 44 45 95 24 82 85 70 66 61 58 70 49 27 70 40 67 41 74 31 49 70 21 87 55 45 63 64 80 45 74 78
47 36 77 54 23 21 94 43 91 50 63 33 49 86 54 79 91 59 76 26 77 47 78 37 33 95 43 44 63 80 68 72 27 68 51 22 22 75 40 87
79 88 73 81 76 57 63 67 92 62 46 99 96 71 25 20 56 34 98 25 24 32 87 33 97 31 70 65 86 58 91 62 99 60 48 54 50 76 41 29
63 56 57 33 34 65 67 35 64 25 96 72 66 78 44 80 48 35 44 62 48 53 47 95 34 44 87 40 59 86 48 97 43 59 99 63 72 100 38 74
60 99 76 93 61 51 73 27 37 95 42 22 46 63 20 90 78 98 91 51 95 80 42 98 45 83 38 63 20 95 65 59 68 26 32 51 53 74 28 65
51 72 33 62 57 60 67 23 68 51 30 21 61 83 25 76 99 100 60 49 40 37 79 52 35 84 71 42 48 70 88 47 91 36 44 84 48 78 71 58
62 41 32 37 39 59 74 60 67 73 84 87 40 22 33 45 26 100 52 87 47 23 59 95 38 76 33 73 55 61 72 92 77 57 93 54 50 37 57 72
21 20 31 53 81 36 36 35 78 91 74 37 21 46 47 63 65 87 81 21 32 100 91 40 61 98 21 49 91 69 66 58 55 93 95 70 75 93 52 34
88 87 26 30 37 44 95 96 70 60 75 66 23 97 62 43 48 98 21 24 62 61 45 64 54 59 56 77 44 94 30 85 75 45 91 80 71 71 54 33
30 100 92 32 51 93 30 64 78 66 24 70 86 80 34 53 45 85 38 51 39 36 94 61 63 37 68 50 20 79 74 98 84 31 42 48 55 24 66 45
84 22 60 39 24 60 79 34 25 65 41 24 82 42 63 47 69 53 62 76 85 68 73 48 79 88 92 23 33 35 35 35 35 42 51 67 61 79 62 81
63 85 47 86 74 80 28 96 38 85 31 36 74 77 53 41 63 49 91 52 77 93 67 66 38 87 64 44 61 32 25 50 87 21 54 42 76 59 52 97
75 48 29 69 38 58 80 46 28 72 40 83 69 40 88 81 49 96 28 64 41 88 37 99 38 56 65 32 44 95 42 67 91 38 39 87 79 76 35 21
88 97 72 61 46 36 82 79 85 36 53 93 25 63 94 75 53 32 37 29 33 59 27 40 67 91 93 37 95 45 78 32 98 61 65 80 74 75 58 31
22 58 26 53 61 83 22 46 24 47 93 75 87 78 81 63 92 53 56 92 95 29 87 55 88 34 80 20 21 57 47 42 45 43 40 28 42 97 45 45
38 67 40 99 27 36 59 42 35 71 72 37 89 90 63 52 20 29 70 95 60 64 54 28 55 56 52 39 27 70 72 69 87 50 99 20 79 26 57 90
28 92 56 68 58 68 58 64 97 73 89 42 57 100 97 35 72 32 98 36 84 62 84 95 60 20 53 66 99 61 84 50 71 31 28 96 98 97 30 99
66 81 92 41 41 63 94 88 49 83 23 31 66 43 28 43 67 73 45 53 96 75 20 44 79 66 92 55 87 80 82 76 30 89 25 97 91 90 37 79
39 65 83 54 80 30 98 92 37 54 26 78 55 96 53 60 62 38 30 80 42 76 90 43 65 60 43 68 62 60 43 98 76 51 42 87 35 80 77 81
96 91 61 61 85 67 54 33 92 26 78 94 30 58 81 46 26 71 40 65 73 67 66 24 42 54 39 56 62 65 78 53 23 35 78 61 91 86 75 81
61 66 98 66 80 91 73 75 39 36 24 86 29 56 76 84 34 38 97 66 84 40 59 75 54 87 86 40 47 24 29 99 43 35 58 80 26 79 40 26
39 26 75 67 22 51 69 25 72 28 80 58 97 46 56 34 32 63 62 97 44 67 37 35 26 36 87 29 37 46 57 27 47 62 65 85 92 67 52 73
94 65 32 73 37 42 44 27 41 99 96 43 82 26 81 53 60 32 31 21 43 39 80 27 47 50 30 95 80 59 91 46 52 23 59 54 46 98 66 23
45 29 76 51 83 42 84 87 91 80 40 33 79 94 40 52 39 43 59 88 81 74 96 28 75 100 20 70 81 37 85 99 93 75 46 48 53 20 22 23
93 99 89 82 46 49 52 88 55 91 50 61 98 25 26 22 51 73 58 90 62 49 22 95 67 91 87 68 37 52 27 70 20 79 55 60 54 76 75 20
34 26 37 76 72 54 70 36 39 91 39 20 66 46 74 42 78 90 61 37 86 36 100 67 62 57 68 50 49 93 30 90 59 28 43 69 74 52 100 96
67 34 93 40 43 54 56 21 77 89 96 28 30 29 35 78 34 45 84 60 44 43 91 44 29 51 92 64 58 76 27 79 79 65 48 69 20 97 89 24
98 81 50 38 94 95 36 50 72 24 95 33 86 39 22 65 73 62 67 23 63 38 69 33 69 36 44 29 54 37 22 20 24 65 22 29 86 70 67 38
82 23 41 53 76 96 59 22 80 25 29 70 71 57 71 50 95 78 34 90 78 24 41 36 59 62 51 55 84 26 96 90 82 72 65 64 95 63 48 95
90 99 73 43 58 70 74 98 35 33 72 49 55 50 82 40 56 79 67 23 91 40 70 88 97 60 90 31 79 95 78 95 30 58 54 55 88 73 93 38
85 50 45 63 74 56 45 88 49 31 90 68 98 75 71 78 61 31 89 40 58 67 57 49 69 61 95 61 32 47 85 52 24 83 69 92 93 42 53 79
50 44 82 40 67 100 69 46 51 83 70 27 45 36 62 35 71 53 38 56 55 98 71 86 38 48 36 90 87 83 55 44 88 23 67 29 54 50 26 21
33 39 36 66 25 36 55 66 91 46 46 36 33 70 44 60 91 92 49 50 58 30 29 22 51 59 65 58 63 44 34 57 24 91 72 30 99 92 46 34
51 83 69 62 65 51 90 71 62 42 99 82 67 21 75 54 20 35 31 39 76 98 42 23 63 75 24 93 82 71 95 75 25 28 20 24 29 92 39 59
66 85 38 76 92 60 66 30 96 74 38 29 37 43 68 28 97 78 55 100 94 87 37 53 83 49 89 53 65 30 89 31 83 49 75 78 63 60 83 32
53 56 54 61 67 57 44 20 30 47 44 27 40 92 89 54 41 41 25 59 59 62 51 85 98 47 100 91 89 96 50 53 55 35 79 34 98 81 44 66
58 45 52 91 41 97 73 44 51 27 20 69 73 92 96 90 82 47 83 88 60 34 61 21 23 68 70 38 56 90 99 84 23 73 36 24 69 21 48 42
34 20 92 24 75 32 28 64 73 30 95 84 46 78 99 23 43 26 34 95 99 25 78 37 66 45 49 42 35 25 74 92 74 83 38 43 56 28 25 24
54 93 51 80 59 81 98 73 63 36 35 24 41 89 94 98 91 81 60 41 24 83 86 58 23 81 68 90 44 39 67 75 91 39 43 26 58 52 87 42
91 72 61 37 100 86 26 63 28 49 68 79 50 58 74 54 24 37 87 60 67 49 51 28 37 70 22 22 67 82 85 97 45 42 24 54 94 88 48 91
98 62 50 98 34 24 76 57 43 87 81 23 57 34 81 33 38 91 78 49 30 70 94 30 76 59 75 99 34 88 61 68 84 60 60 30 76 45 85 22
20 41 52 81 41 24 47 60 92 94 80 36 48 57 39 99 91 86 70 34 88 60 61 34 25 61 91 71 20 66 28 33 28 67 59 81 98 77 25 96
61 34 41 56 79 78 71 82 98 51 85 30 68 85 39 33 67 23 58 48 95 72 88 48 71 86 27 41 92 71 41 58 34 41 68 86 98 95 64 90
50 97 33 80 75 48 96 66 22 35 28 84 47 84 68 80 24 70 38 98 51 22 45 99 84 100 99 100 60 60 33 58 74 69 76 62 23 21 42 95
23 26 57 92 36 59 83 73 48 93 59 30 59 80 51 23 72 24 35 41 98 92 92 56 44 73 29 27 42 70 52 31 89 37 41 45 59 87 83 65
83 58 61 68 23 97 21 33 72 69 48 81 73 24 45 69 45 66 94 57 63 76 93 90 61 62 81 51 72 71 22 27 96 98 62 38 65 94 46 95
37 61 44 76 84 35 92 23 41 24 55 42 34 95 61 38 37 69 96 94 62 72 64 31 61 29 67 75 22 96 42 50 90 37 39 23 71 65 36 67
100 42 81 42 67 41 49 57 73 73 57 34 40 71 40 70 88 50 55 79 62 91 28 48 59 43 27 44 83 78 33 29 87 35 51 26 63 69 98 73
58 51 51 87 70 33 68 92 85 57 38 59 95 93 51 63 83 27 68 67 39 52 99 39 49 60 35 49 23 74 28 79 21 43 47 75 61 89 30 68
23 68 84 82 30 83 82 87 63 36 75 26 60 84 27 63 62 88 84 87 36 38 71 72 48 33 26 31 72 76 52 30 48 68 78 46 62 48 26 70
37 58 31 48 23 28 24 27 67 32 83 24 95 44 60 31 26 82 21 81 53 52 34 26 75 88 79 80 50 30 51 59 77 34 92 61 81 24 47 43
85 72 56 37 72 68 67 70 73 63 46 47 67 70 22 45 52 87 90 36 70 69 45 100 94 94 69 70 50 84 64 73 93 57 41 73 80 79 41 36
88 56 63 34 26 91 39 23 67 88 99 31 79 98 100 59 65 88 27 84 25 59 41 72 42 94 78 73 60 51 57 72 71 60 46 35 90 37 35 79
89 46 22 62 40 66 49 31 55 47 98 50 45 97 33 37 96 27 36 81 92 24 60 60 70 48 52 62 83 56 63 72 63 44 89 35 54 44 59 85
99 66 64 93 58 86 46 22 68 51 56 22 27 95 24 35 97 21 25 21 53 69 30 79 22 31 94 100 75 93 54 86 77 46 30 37 60 71 96 22
35 97 58 70 89 93 74 53 90 89 47 45 30 33 41 77 26 85 66 72 68 43 38 70 82 36 60 53 27 100 93 81 31 45 25 91 100 75 49 24
95 100 48 84 97 73 91 93 54 24 94 89 90 20 74 81 35 72 70 69 39 90 88 95 85 92 21 44 20 21 84 36 44 45 40 33 58 59 95 48
31 76 50 87 52 55 47 37 97 82 23 86 78 81 44 81 91 51 85 81 85 28 51 37 34 65 26 31 42 20 68 58 64 80 98 25 90 74 33 75
89 71 79 29 43 80 59 98 72 48 63 91 75 78 60 88 62 88 68 29 33 38 69 51 95 93 47 76 37 88 97 92 87 59 95 82 58 84 42 94
69 60 37 20 72 93 50 75 85 89 54 50 49 88 82 72 36 47 77 24 77 89 64 87 48 63 28 79 74 91 39 35 78 90 83 40 36 48 55 29
92 63 51 79 42 53 22 85 41 29 64 82 56 33 22 56 42 60 65 85 31 71 96 24 48 91 34 69 56 77 74 89 60 82 58 63 89 96 97 34
79 33 23 51 80 39 70 65 32 73 37 72 34 98 67 63 52 33 56 45 48 26 79 61 30 97 70 20 38 29 70 87 81 41 60 55 37 100 89 86
97 100 46 43 80 47 39 30 53 90 36 42 45 97 30 100 68 94 32 25 96 22 20 63 69 73 52 92 97 66 50 22 87 72 30 86 40 98 93 43
34 79 66 81 50 97 35 26 93 88 87 60 49 60 23 77 37 47 34 28 31 95 43 71 95 22 62 86 52 54 77 32 79 54 47 40 96 54 75 72
68 55 28 63 39 60 94 81 79 33 98 86 43 59 50 62 43 54 74 83 70 39 48 20 77 20 83 32 52 43 71 57 33 30 22 61 85 100 90 98
27 34 57 66 83 24 38 34 43 46 92 52 22 80 77 41 49 22 95 81 22 42 27 53 40 52 81 59 41 64 40 46 54 100 52 51 68 66 84 82
23 39 67 45 56 74 37 65 28 36 82 37 54 89 60 78 53 38 50 58 81 62 67 20 75 23 75 36 55 89 88 21 53 71 85 21 84 56 43 30
