47 169
873
982
736
777
693
586
718
622
794
980
706
590
719
816
747
611
561
614
860
855
770
839
700
748
505
748
613
523
697
762
903
723
912
540
671
684
536
850
852
703
790
535
922
894
640
647
959
89 91 82 72 82 35 94 91 37 26 23 86 93 60 67 25 79 70 75 74 66 88 82 54 58 36 33 30 58 38 63 51 53 42 77 61 80 65 40 82 35 76 81 40 53 45 24
65 26 25 32 87 34 21 45 61 82 23 77 25 26 29 73 77 61 74 68 83 44 63 91 45 74 34 59 53 74 95 25 48 44 94 49 69 37 45 97 20 74 81 70 79 84 56
67 48 39 94 98 99 80 35 30 70 72 93 55 80 75 41 82 96 36 51 21 97 44 31 40 58 69 71 55 22 64 85 59 61 59 63 79 39 22 39 73 61 29 33 68 49 81
70 81 55 93 41 82 83 48 51 52 40 50 25 93 62 66 84 34 100 80 67 87 27 86 95 28 27 46 91 22 36 51 44 36 41 83 72 68 95 52 35 48 45 94 72 99 41
99 55 29 44 40 26 91 28 43 74 99 49 52 61 52 24 23 86 42 55 94 50 66 31 85 86 87 29 81 95 69 30 24 34 51 33 90 86 54 58 75 51 96 77 83 88 26
43 70 43 77 34 99 54 30 40 34 33 79 87 99 72 32 92 94 25 25 24 25 97 37 91 72 33 59 57 79 79 63 27 25 94 99 37 70 59 74 91 35 86 58 24 94 99
80 45 44 83 32 74 24 48 71 99 58 84 87 75 39 93 27 95 87 58 72 97 94 79 100 74 35 26 43 58 72 23 21 34 48 44 45 71 87 89 73 99 63 36 62 99 92
70 61 64 89 67 42 70 36 51 77 28 51 97 59 57 74 64 54 70 77 88 65 73 98 20 27 98 33 64 99 81 68 39 38 35 32 69 96 54 47 98 23 71 41 50 45 57
72 49 69 63 90 86 73 37 76 37 40 22 42 99 84 80 78 51 87 38 99 40 30 31 100 52 91 54 49 63 66 21 91 90 40 71 36 59 30 69 20 88 24 27 49 41 93
41 42 54 77 48 21 21 42 27 54 27 85 98 94 80 99 24 62 48 22 90 78 54 59 26 42 26 83 49 53 52 27 78 83 80 48 49 41 76 26 21 42 48 64 31 78 70
98 80 69 59 75 27 79 94 95 93 100 94 60 29 70 41 62 28 62 68 31 100 27 40 38 95 77 85 95 37 93 34 73 79 39 35 49 79 43 76 78 80 52 89 51 69 49
27 95 37 98 82 68 89 89 27 71 52 64 52 89 100 82 46 64 93 21 74 20 97 67 73 66 52 79 77 49 60 76 34 20 55 82 97 57 31 49 30 28 73 60 55 94 65
78 88 38 62 49 43 40 87 64 28 84 66 91 49 46 23 49 45 96 64 65 71 99 84 71 100 82 61 30 80 100 63 95 67 25 21 33 68 51 48 29 80 76 44 68 62 70
83 92 76 57 30 25 85 43 56 100 95 57 56 90 43 20 97 89 27 56 36 57 73 99 91 34 30 21 53 56 41 88 28 76 29 71 68 91 82 75 23 56 59 93 85 93 56
50 26 94 84 89 90 23 77 55 42 42 30 23 79 100 56 71 97 85 52 100 32 70 66 81 31 85 42 67 48 84 66 73 55 100 79 36 78 55 57 82 65 77 71 44 24 98
22 73 76 27 34 97 49 46 24 63 93 46 87 24 35 49 65 100 87 51 48 50 68 84 94 85 30 94 62 45 100 74 94 74 67 87 30 23 47 38 22 50 99 59 86 95 33
86 23 87 88 89 78 20 28 70 75 25 92 55 99 65 42 64 92 100 47 100 98 56 90 83 26 71 63 59 86 46 26 85 52 74 73 50 56 95 98 21 78 47 63 46 22 23
44 86 31 97 91 69 69 28 58 81 44 39 75 28 91 90 77 63 62 50 39 60 98 61 30 38 35 46 75 71 25 34 90 70 57 42 64 69 40 55 32 89 29 46 22 55 25
59 95 47 51 70 30 49 42 40 82 47 57 80 31 69 45 98 57 100 67 77 83 29 83 41 95 83 94 81 95 41 95 74 89 27 40 71 36 65 57 82 88 58 39 82 74 75
63 82 45 59 83 100 79 43 61 75 36 78 66 62 25 77 92 76 71 33 28 87 48 22 56 81 73 28 46 76 50 91 68 44 81 34 21 53 73 52 38 29 67 43 80 25 61
23 71 74 91 96 99 27 71 76 87 45 24 74 31 71 58 88 80 42 44 41 83 45 39 100 55 39 51 97 36 83 78 45 49 44 45 46 31 98 41 52 97 29 31 83 74 37
59 58 41 81 88 61 87 97 77 33 81 55 80 66 50 82 67 40 96 86 66 39 50 28 69 97 82 27 35 28 71 20 73 76 99 26 44 88 34 64 30 98 71 20 50 71 92
55 97 61 47 87 90 44 56 94 69 54 84 64 57 21 93 40 73 38 64 70 73 97 32 33 54 70 64 77 52 82 32 87 96 38 89 31 46 23 52 65 47 42 41 86 95 33
37 48 65 63 35 23 20 93 65 67 84 49 24 22 79 57 69 34 95 63 56 95 88 39 60 41 90 44 49 44 52 80 48 74 40 93 80 94 22 70 31 70 49 44 42 57 79
24 68 22 47 68 61 88 41 97 74 37 26 75 73 41 48 44 33 89 80 92 78 88 34 81 97 89 69 28 67 94 95 34 88 42 66 30 43 80 77 73 52 99 47 99 47 68
36 42 95 63 31 63 78 62 30 90 81 30 67 68 31 44 82 39 38 89 45 20 49 93 29 49 51 94 44 39 96 57 68 88 41 65 32 81 100 47 72 29 72 37 76 36 52
30 92 28 100 53 75 97 83 42 30 72 97 24 80 38 72 91 53 84 81 82 32 43 70 45 82 46 93 27 91 23 22 38 67 44 47 83 45 94 44 40 62 99 49 80 64 48
71 72 34 31 58 65 70 60 63 63 72 88 51 53 44 40 72 95 59 88 94 52 63 38 91 51 29 74 23 46 37 72 52 48 56 52 49 59 84 47 33 96 20 64 46 48 27
58 84 28 76 61 33 87 44 23 71 39 95 89 88 54 53 24 79 80 96 54 25 71 98 76 53 100 37 68 82 56 84 94 27 100 67 86 88 93 56 99 56 94 33 27 31 41
54 49 29 27 41 21 47 46 69 59 35 47 91 92 35 79 93 76 42 41 57 74 90 65 79 49 51 70 38 33 20 83 62 94 45 69 86 47 90 78 89 69 21 81 93 74 67
86 63 100 22 76 30 89 27 60 92 83 49 53 70 69 22 50 97 69 83 69 62 61 66 63 27 25 71 96 20 62 47 39 23 57 84 66 61 68 50 98 56 76 80 91 20 98
57 97 86 95 90 100 30 46 46 77 29 84 74 73 75 63 91 22 73 65 36 25 76 38 50 65 91 44 53 46 25 97 25 51 100 27 75 97 72 79 90 80 89 83 100 37 87
40 43 31 63 32 48 84 46 78 41 76 24 92 22 81 61 70 24 85 94 23 49 62 88 30 93 42 92 84 45 92 82 35 74 50 86 67 25 20 85 84 72 94 88 83 58 87
36 67 76 52 57 69 95 81 59 49 100 22 36 54 21 26 31 40 21 91 22 73 47 54 72 32 71 78 37 78 41 59 96 74 85 34 75 27 28 64 98 68 79 52 77 67 29
29 86 72 36 94 73 72 28 52 89 38 56 59 51 95 32 68 92 42 27 62 23 85 78 40 84 74 68 94 48 55 78 89 98 22 51 59 33 55 56 62 36 44 34 59 58 60
87 20 57 65 49 75 79 63 55 71 34 23 68 74 46 55 28 69 61 56 35 72 50 43 90 98 23 100 87 54 24 75 89 64 44 28 34 24 80 30 51 59 91 20 45 55 90
55 31 59 59 58 99 39 94 33 85 65 77 86 63 47 32 53 26 61 30 74 45 25 51 31 51 54 46 42 57 100 60 33 63 72 50 65 97 76 80 100 45 40 67 48 32 72
27 30 63 60 70 77 49 32 50 67 33 29 40 86 77 62 89 38 28 37 25 72 51 29 29 27 71 22 22 43 28 23 96 56 90 40 24 80 48 79 50 72 70 100 76 69 53
80 75 64 29 85 51 23 41 22 93 43 78 32 76 49 50 74 59 24 95 100 85 27 93 62 44 82 87 65 49 31 52 87 31 75 90 31 29 98 94 90 24 20 75 31 88 71
76 34 22 90 48 84 28 99 58 48 37 31 87 24 64 76 84 96 23 45 91 96 38 99 25 34 93 58 41 90 61 77 21 74 52 91 38 74 94 30 45 86 53 93 39 38 40
31 25 20 91 46 32 51 28 56 53 29 94 84 36 40 67 59 61 94 95 32 76 32 24 38 80 89 24 91 76 78 73 59 71 36 56 61 23 68 62 83 31 76 45 61 96 30
46 83 97 83 54 44 25 67 51 55 25 77 58 97 35 88 61 48 46 71 84 49 41 40 91 74 70 26 78 64 65 50 48 55 33 31 64 61 79 26 74 31 100 67 29 37 81
63 50 37 23 56 97 83 30 40 47 36 28 29 66 66 46 74 42 67 60 23 22 77 77 76 83 94 22 94 33 93 55 21 63 20 42 68 92 38 100 35 86 49 29 93 64 83
79 78 24 65 70 26 24 33 30 79 38 69 94 33 51 71 34 60 98 46 57 90 20 82 94 56 86 63 38 65 48 89 76 63 26 83 70 52 82 74 61 90 75 49 23 64 62
28 64 97 94 30 27 46 61 63 61 25 79 40 66 56 60 65 97 48 42 91 50 69 37 91 51 80 71 69 61 21 86 87 91 56 41 55 43 22 40 40 94 60 25 42 80 83
22 32 54 32 52 96 64 56 58 87 44 79 66 84 73 32 48 69 90 94 98 43 28 78 35 84 23 39 27 52 72 44 32 26 78 43 71 38 44 26 67 60 85 75 64 26 59
22 90 86 46 77 26 77 40 26 25 26 92 78 70 51 53 57 29 72 79 91 23 50 26 44 55 85 56 97 45 43 86 81 77 57 68 31 48 58 36 48 77 97 25 67 26 66
61 99 26 69 72 31 97 42 88 51 94 53 69 53 72 81 84 98 50 64 60 96 77 75 100 31 83 80 32 23 71 71 95 99 38 61 92 75 20 22 97 58 94 78 27 88 75
66 74 48 99 84 53 54 86 40 48 20 33 36 73 100 35 41 39 77 70 86 51 76 23 35 35 20 51 40 73 80 91 88 93 96 28 99 48 93 59 30 80 53 75 92 75 90
50 34 70 59 73 67 61 30 99 33 97 73 89 67 49 66 27 73 82 25 75 83 68 95 37 76 66 77 80 41 46 95 97 92 60 70 31 71 60 23 100 58 56 79 100 83 50
52 29 45 70 63 82 97 39 69 73 74 87 88 27 94 99 56 37 90 99 65 39 82 70 98 51 95 63 52 69 66 50 74 33 65 33 71 64 23 85 69 35 53 48 79 80 39
32 37 88 36 46 32 89 95 69 44 67 31 73 68 70 61 48 85 62 85 73 100 37 38 80 99 33 80 82 24 51 90 75 73 64 59 36 94 40 90 72 27 37 38 39 35 62
55 88 100 45 21 54 82 57 63 94 62 59 41 66 51 64 85 77 64 48 61 29 78 20 37 49 89 58 58 78 25 60 36 27 59 71 21 71 62 84 51 80 55 49 70 50 98
46 89 54 50 72 92 46 99 87 22 66 99 63 74 86 92 22 75 21 62 75 37 97 37 62 47 58 37 74 60 48 56 60 36 93 99 65 34 86 28 47 33 26 46 89 84 71
67 67 89 76 39 70 68 71 95 82 43 54 69 97 86 99 59 24 71 33 42 98 39 48 41 38 87 86 78 89 89 34 35 98 83 28 76 48 20 89 29 67 48 88 45 20 48
60 36 32 97 61 57 78 26 71 99 46 35 88 83 57 76 90 89 84 25 57 22 39 36 61 52 76 42 57 38 56 75 33 61 48 25 40 36 92 77 23 83 88 73 85 70 43
30 67 52 51 70 85 58 42 47 62 58 83 88 62 56 43 20 85 70 76 73 60 89 69 47 96 97 91 54 90 36 82 49 79 92 97 78 71 65 31 67 57 78 81 31 62 65
76 95 66 88 94 90 23 93 66 93 58 68 86 86 29 37 41 55 67 81 40 47 57 35 35 21 43 78 61 96 80 87 44 30 44 97 86 33 35 55 93 35 92 57 21 44 36
26 23 21 41 48 26 57 40 54 30 99 70 39 78 85 97 42 69 77 65 66 43 41 69 38 51 86 54 36 59 83 51 23 91 44 24 96 92 73 50 59 88 35 74 85 82 64
78 99 94 32 64 25 38 43 79 95 67 60 89 93 55 21 70 75 48 85 40 66 52 78 76 95 46 95 76 66 34 63 97 45 83 63 31 81 78 43 64 96 85 72 74 55 92
32 94 66 54 22 97 54 63 64 85 84 89 65 65 77 31 68 22 35 23 50 90 95 50 67 22 85 20 73 89 62 86 71 60 30 89 85 51 45 50 34 41 90 82 44 62 82
54 29 65 84 42 47 85 69 68 65 96 65 81 57 22 86 76 66 92 50 63 35 49 26 86 42 24 71 66 35 46 96 31 88 98 52 59 99 66 33 80 31 85 50 59 64 40
78 87 35 98 71 40 87 84 77 30 43 52 48 54 81 47 43 41 75 53 55 64 57 29 47 43 79 64 30 37 72 78 75 75 52 87 37 72 87 43 87 41 41 74 27 32 33
79 53 53 85 24 81 86 53 25 66 89 57 48 76 76 96 76 66 41 72 69 76 32 95 40 65 82 29 60 22 25 63 47 37 23 65 38 30 62 39 79 87 39 67 43 95 56
71 89 22 30 38 98 57 88 23 40 47 23 22 35 54 30 51 70 39 60 47 39 93 89 25 55 39 64 38 73 54 51 95 91 65 72 28 29 83 23 93 57 52 55 77 89 94
43 23 57 42 34 31 75 46 35 100 98 69 57 57 63 20 31 28 83 67 63 66 70 67 54 52 42 80 75 55 56 56 81 66 27 52 60 67 60 83 90 55 75 57 45 71 51
79 86 59 24 23 32 96 79 83 47 21 26 91 53 70 98 45 84 83 35 86 37 54 90 46 33 39 94 23 32 51 48 45 93 86 71 78 76 75 59 46 91 53 35 39 43 20
72 55 81 39 51 60 48 100 68 39 39 44 93 69 73 64 27 24 42 36 71 92 90 88 53 78 30 93 96 73 97 69 77 37 62 51 65 30 51 94 49 92 93 53 26 72 27
91 65 42 22 99 49 51 47 82 59 50 41 82 92 46 31 57 71 69 25 32 30 60 65 30 60 41 59 87 81 30 71 77 93 21 49 58 57 45 58 75 53 85 51 21 53 32
29 34 29 78 97 80 76 47 28 47 66 27 78 53 95 33 58 83 52 72 56 34 87 41 41 42 79 59 85 60 38 81 68 98 30 43 28 51 79 55 42 45 26 60 95 59 34
35 73 56 51 31 24 37 25 60 57 91 99 83 56 54 79 89 61 36 96 71 62 76 59 78 43 92 68 96 48 86 85 62 61 86 64 27 84 46 93 31 45 39 61 39 86 33
39 50 95 97 61 40 23 84 97 54 34 83 21 61 24 88 79 45 39 67 22 79 62 74 60 97 25 57 62 67 99 96 24 21 90 27 100 36 42 70 88 88 57 52 28 74 36
50 60 46 57 43 80 48 88 36 49 52 97 29 89 70 33 44 44 34 65 21 46 57 25 54 39 69 96 40 77 30 57 63 96 64 42 36 79 88 100 54 45 53 60 48 68 47
29 41 92 75 26 41 90 81 81 79 44 31 93 27 22 64 46 58 38 83 38 72 60 91 70 76 72 24 61 33 26 87 98 89 34 76 20 45 74 82 38 93 59 90 93 38 47
44 64 91 88 51 36 47 64 29 91 23 61 74 91 100 77 44 35 71 63 44 61 68 36 92 100 39 86 70 98 89 93 89 53 93 24 61 54 66 74 75 35 88 71 50 54 92
81 95 91 38 41 91 63 36 32 80 82 56 72 70 32 96 61 26 82 49 67 39 47 73 61 31 65 74 48 20 62 58 38 74 86 21 52 81 79 85 89 44 51 59 71 66 40
44 32 100 84 77 32 91 59 69 44 83 30 90 82 66 42 81 54 91 100 48 69 65 59 56 66 68 47 53 57 23 21 71 22 81 92 46 30 46 91 73 70 85 54 90 35 96
45 42 53 45 49 82 62 69 62 96 74 55 85 69 50 71 48 44 57 33 73 55 70 77 72 86 66 24 73 32 34 46 100 61 45 99 48 82 77 32 49 66 89 71 98 41 96
49 28 80 37 76 55 49 27 88 42 35 27 81 59 56 53 28 43 32 73 59 71 97 79 50 48 63 59 92 33 93 54 60 46 30 86 80 100 47 73 92 77 58 32 96 63 40
22 62 63 27 85 68 93 65 97 88 58 20 52 88 52 92 46 74 54 39 51 88 44 43 27 33 59 36 89 33 22 51 36 63 55 75 69 96 36 97 94 47 87 62 59 25 55
77 84 39 69 58 63 100 28 70 40 28 78 47 61 68 76 48 63 44 65 36 44 84 92 99 46 91 98 45 54 30 50 61 56 80 21 66 37 87 75 95 98 72 34 97 66 45
51 36 91 20 70 48 31 74 26 95 30 33 53 51 96 30 93 92 31 31 87 28 52 27 71 38 83 53 48 89 52 89 92 80 94 99 48 92 33 83 57 26 56 94 50 32 83
99 51 31 59 62 86 82 68 35 40 32 27 59 40 60 21 87 60 70 77 55 70 81 80 65 35 56 43 79 36 44 43 96 48 44 57 33 94 30 58 52 79 34 75 82 88 59
43 43 24 44 53 70 85 74 25 86 23 97 38 29 67 90 26 94 94 40 61 94 87 23 90 22 40 81 67 45 21 48 95 42 96 66 73 65 32 62 49 33 22 78 93 94 33
51 68 78 60 29 39 66 33 80 46 88 81 90 57 76 51 37 40 23 29 30 99 95 35 25 65 35 50 96 83 93 47 37 89 55 27 91 87 29 32 48 44 62 84 75 61 41
83 100 64 82 27 64 84 77 35 54 81 84 31 74 52 98 65 58 57 37 43 26 56 51 60 83 45 58 35 45 57 85 74 97 21 26 66 60 42 75 71 57 53 42 95 68 98
30 60 100 78 25 21 100 64 100 43 39 82 90 45 68 100 32 25 89 70 56 31 27 30 75 88 68 83 32 79 30 24 34 43 90 66 34 84 56 50 86 36 76 88 86 49 63
32 100 26 21 47 47 25 52 36 54 91 22 63 40 90 34 79 96 94 85 32 22 37 62 63 23 26 29 82 57 50 81 26 62 36 48 32 22 67 95 53 49 44 29 70 41 84
78 24 27 29 50 21 42 85 26 28 28 41 70 37 89 75 29 64 47 91 25 81 21 30 89 72 44 45 37 42 36 49 65 21 52 54 39 98 33 44 26 85 41 28 92 62 25
28 80 98 39 61 50 47 32 90 74 84 46 85 44 80 89 64 95 29 90 72 53 78 89 41 29 96 98 85 56 29 100 53 97 86 64 80 83 32 59 28 21 27 55 67 80 38
26 29 47 26 70 83 20 62 60 53 49 74 67 43 34 44 25 26 21 21 43 36 43 26 84 86 74 30 21 58 40 23 39 30 43 28 61 85 78 86 35 73 42 97 58 89 88
34 28 84 56 26 92 52 90 35 31 84 75 94 50 47 58 79 88 71 91 96 72 61 21 73 86 98 73 76 40 37 38 48 85 26 39 36 63 99 67 56 40 38 87 74 54 42
37 24 39 60 22 33 87 40 41 57 84 62 40 43 58 24 97 21 83 24 70 60 92 36 86 53 53 33 77 90 51 52 93 86 73 97 28 80 29 61 97 86 74 64 39 86 32
30 87 81 91 34 25 79 84 57 83 58 58 79 52 38 95 49 37 50 69 60 44 75 30 77 63 30 28 35 80 69 49 43 53 90 40 38 48 64 50 81 25 75 86 86 77 88
29 30 96 97 85 78 38 52 76 20 91 76 46 25 27 86 87 77 91 66 71 38 52 48 22 23 54 96 35 31 58 40 60 96 90 71 83 48 95 40 35 42 42 72 25 85 79
91 48 31 56 52 92 44 28 81 67 34 26 77 59 24 87 89 30 70 23 61 73 98 91 70 87 48 44 100 78 39 34 43 99 43 30 24 80 36 50 59 91 77 72 90 49 44
74 30 62 67 88 68 31 52 50 97 94 31 34 33 21 63 94 94 45 62 41 36 73 95 98 46 94 53 76 25 21 94 24 28 29 42 85 90 70 38 82 82 47 20 44 62 32
81 76 90 61 48 47 40 98 53 88 22 81 47 57 65 92 55 68 53 25 59 81 24 32 56 95 34 82 61 93 48 71 46 35 84 48 88 59 92 50 94 99 55 36 22 88 84
94 75 41 62 94 86 25 33 44 73 99 36 29 76 95 46 66 48 68 36 56 29 76 62 62 89 24 82 42 39 65 90 40 98 64 58 86 88 65 78 37 81 38 44 30 89 28
25 93 21 52 85 69 75 60 67 44 90 54 72 91 26 69 75 48 21 90 100 91 80 72 81 89 65 47 90 22 82 77 64 28 83 38 31 28 29 23 75 31 49 75 56 38 91
35 72 91 100 65 63 27 43 21 23 76 38 38 52 98 61 84 46 100 24 39 68 46 91 27 50 53 68 71 47 25 66 69 76 61 48 78 57 50 25 22 91 54 77 53 83 82
73 27 58 27 82 93 68 71 56 22 76 80 44 86 33 87 94 29 72 77 99 77 34 52 33 98 89 55 64 54 51 75 90 70 27 90 88 98 78 86 42 76 74 44 35 34 33
30 25 21 86 82 21 28 67 21 45 92 90 99 35 47 25 76 82 77 28 34 30 47 22 31 41 20 26 66 78 59 43 43 80 88 97 38 43 89 82 96 27 89 54 58 88 73
49 84 80 24 70 20 36 64 21 40 74 73 25 32 35 80 97 30 88 70 94 45 49 65 59 41 98 26 98 54 81 79 49 34 55 81 57 51 99 52 38 69 38 60 53 67 71
71 72 43 55 92 36 80 25 50 52 76 36 72 60 93 21 47 84 96 81 77 78 68 60 22 46 81 22 36 34 52 28 64 70 58 49 61 25 56 22 62 38 63 29 58 27 91
26 80 20 93 35 48 89 30 93 35 44 94 88 31 84 27 33 23 55 49 26 85 38 41 83 80 41 100 50 41 25 47 100 92 28 36 23 78 62 81 86 68 81 24 85 45 67
26 31 23 87 89 81 88 40 37 68 40 51 60 28 95 50 67 98 37 66 31 39 86 75 42 20 65 49 60 24 26 49 21 77 50 61 85 26 22 62 56 66 45 81 39 23 28
67 78 86 96 83 75 71 53 51 39 40 92 100 44 56 28 90 42 26 89 30 44 78 94 68 97 77 36 72 88 27 91 42 34 88 37 63 48 68 83 100 48 32 90 64 86 58
39 72 98 25 34 30 26 61 61 76 73 23 88 80 26 46 49 34 25 96 63 40 91 86 38 21 61 50 30 98 68 30 47 22 40 55 68 93 63 73 49 90 77 65 64 21 86
87 26 71 76 62 59 65 62 49 54 36 69 99 100 28 62 58 29 83 64 35 92 75 96 32 90 78 30 83 35 30 51 84 82 86 80 44 22 39 38 48 86 46 66 66 46 51
43 52 77 30 58 92 36 66 25 84 92 64 29 31 56 90 51 82 60 54 44 28 54 42 57 44 97 83 79 82 39 55 62 22 68 23 93 50 82 71 35 73 81 93 77 26 51
54 59 57 97 47 60 99 49 38 68 52 89 64 88 78 31 93 70 49 62 58 84 55 35 78 79 75 41 83 59 38 86 71 90 25 98 57 84 29 87 36 76 37 41 37 73 54
96 28 100 40 42 64 53 56 92 63 38 59 58 65 41 27 33 55 76 30 80 68 71 83 65 23 100 28 84 71 87 61 89 45 85 59 80 49 58 77 49 34 86 50 60 28 67
64 60 70 48 51 59 48 62 76 51 45 91 79 87 97 97 25 50 83 48 40 88 97 64 96 44 56 89 42 56 64 77 83 66 78 86 95 32 100 100 45 76 68 36 47 37 41
46 40 92 82 89 69 51 57 64 29 88 71 99 83 85 92 84 38 93 27 41 69 99 92 65 69 69 31 91 60 53 31 71 55 27 76 88 76 71 39 72 54 20 57 87 61 76
39 57 78 21 68 90 66 44 51 82 91 54 69 52 26 55 48 85 29 67 91 92 25 47 49 42 39 87 47 30 56 50 28 57 30 48 60 54 36 61 68 56 73 98 34 28 46
94 64 63 92 71 22 20 75 67 81 39 55 30 79 91 81 92 65 20 89 96 27 29 24 59 54 64 22 56 82 68 90 26 57 47 69 93 81 93 34 47 84 90 54 77 61 96
84 90 21 67 95 35 62 51 60 89 75 78 94 64 40 91 40 37 92 24 67 39 57 94 82 34 46 62 44 94 59 59 37 97 43 34 38 86 62 36 57 76 76 20 53 25 50
69 41 82 49 67 55 57 43 50 31 30 83 87 83 96 83 64 67 60 79 94 37 36 90 77 52 72 34 99 60 47 52 57 71 22 35 77 51 71 79 98 60 76 36 30 99 58
61 22 66 74 94 81 76 47 65 80 67 36 66 72 84 88 53 87 24 61 76 86 67 30 83 98 28 53 66 99 64 89 20 89 88 78 52 38 76 62 24 54 45 86 86 31 95
68 66 42 39 54 79 99 63 100 59 73 30 41 83 77 39 68 21 64 36 34 77 93 24 31 33 79 63 27 64 100 31 97 97 68 99 62 68 51 38 30 37 93 23 87 86 40
27 93 95 37 47 59 32 91 51 23 44 35 99 97 94 23 30 21 87 97 34 37 94 40 26 50 34 20 95 25 89 44 77 20 30 56 72 43 51 74 95 94 78 44 80 88 37
43 42 27 28 98 28 78 26 49 53 60 20 56 64 44 70 45 49 74 69 73 32 99 65 37 20 86 58 68 75 55 100 77 40 81 29 43 76 77 69 80 59 90 88 82 71 94
83 95 27 26 53 80 95 34 56 66 73 44 57 56 21 57 26 90 65 52 44 83 86 71 72 91 100 58 49 61 52 93 99 43 82 20 96 78 22 50 48 86 75 80 44 61 96
51 69 95 89 88 46 27 49 91 27 65 22 87 100 100 20 38 26 83 48 26 60 84 59 21 63 94 28 22 69 98 91 75 65 23 31 72 72 96 61 59 62 59 79 37 77 83
82 84 34 76 74 69 88 23 23 91 40 83 59 54 64 38 93 71 86 39 95 47 80 46 82 55 65 26 42 58 55 100 93 74 52 65 23 29 51 56 20 81 45 70 58 92 23
28 40 20 29 97 97 41 50 69 68 78 100 79 24 29 73 89 46 35 60 22 62 46 80 25 64 94 21 65 92 65 54 79 53 27 48 84 69 55 71 23 56 63 89 52 99 95
96 68 40 26 71 55 64 42 25 71 65 31 34 21 71 85 40 43 90 98 27 90 88 61 73 70 30 68 68 66 28 73 68 76 58 82 92 49 96 39 86 63 21 90 39 47 53
75 61 46 100 71 78 95 45 53 67 52 34 81 75 39 97 80 95 89 73 66 74 96 80 51 97 47 29 86 27 76 41 60 26 60 45 76 41 48 33 65 43 72 24 75 26 56
54 23 36 72 89 75 28 89 67 26 96 58 45 28 84 76 25 83 36 100 33 88 77 73 88 70 75 22 36 63 74 66 62 33 38 94 20 60 61 51 79 45 94 34 50 56 36
41 57 50 34 72 32 100 81 38 98 79 86 64 80 98 91 84 47 89 21 90 65 46 39 43 31 79 94 56 88 71 31 34 27 88 53 47 87 61 48 52 56 24 23 62 71 92
72 20 28 28 88 65 90 99 36 45 30 30 21 86 42 95 70 37 82 33 100 89 69 97 95 71 54 44 85 31 40 46 84 42 47 68 70 74 21 70 74 27 45 85 93 71 70
47 47 92 95 48 29 34 88 67 60 23 58 24 60 40 91 28 71 85 39 46 68 39 42 65 40 89 68 65 70 79 64 77 59 95 42 87 51 76 86 22 54 46 87 59 77 63
88 98 83 45 36 37 61 99 80 100 77 95 62 63 57 85 45 30 63 39 28 28 24 90 100 32 58 78 21 58 64 68 92 43 49 28 40 39 54 26 36 66 77 88 23 22 37
28 73 37 50 54 30 43 24 88 100 93 57 100 56 96 36 27 27 99 67 93 93 81 65 56 51 94 87 31 34 33 86 80 93 98 71 76 47 77 89 48 35 85 24 66 41 74
84 49 25 53 56 35 57 59 49 26 38 33 32 72 39 31 21 71 84 66 60 82 81 75 87 70 97 62 29 41 94 42 88 88 37 33 86 86 36 81 30 29 33 45 96 61 80
80 24 27 97 42 51 21 70 77 51 52 63 69 29 84 90 56 88 81 45 23 92 45 22 51 35 99 50 82 92 91 76 28 65 52 27 36 97 86 42 59 98 52 75 24 33 41
84 43 57 47 40 51 36 72 65 27 96 44 81 82 92 33 99 34 92 85 60 28 34 72 82 72 99 63 50 39 71 42 94 34 63 81 64 39 90 65 32 66 57 80 55 77 22
85 34 98 79 75 46 90 70 93 45 36 93 90 60 28 44 98 92 92 85 61 75 63 61 98 36 33 53 31 82 28 56 70 72 49 99 46 83 70 97 38 90 86 99 80 23 36
68 72 78 99 60 94 82 85 35 66 25 42 30 23 39 60 42 78 92 24 37 96 73 92 75 91 71 32 21 87 87 31 69 95 83 73 90 75 65 41 63 44 62 63 62 23 74
75 53 44 66 62 26 57 27 89 54 95 84 87 20 64 21 22 88 37 78 90 55 82 99 59 59 72 20 64 31 84 28 43 57 43 76 77 95 37 50 50 62 49 77 61 67 37
21 44 81 56 31 85 97 31 89 53 55 83 61 25 57 37 85 46 28 41 33 23 24 65 57 76 86 78 85 27 48 40 62 97 51 68 33 87 56 26 79 93 100 60 30 50 91
61 77 83 95 55 35 49 84 92 81 35 87 29 28 61 43 90 42 34 44 41 51 71 89 21 99 76 89 99 39 63 21 90 69 91 71 30 93 59 40 74 26 52 97 55 50 44
57 72 62 32 84 78 70 41 71 34 45 33 67 51 80 87 61 28 69 95 57 69 53 59 44 62 96 66 84 97 94 66 50 96 92 44 92 51 35 75 87 56 31 94 35 52 42
82 100 35 86 98 80 66 45 33 78 61 98 98 98 54 84 69 70 96 24 84 27 59 71 28 34 99 54 86 89 98 89 33 39 47 55 70 47 100 87 32 78 64 92 72 42 93
28 89 63 84 29 55 37 99 93 21 44 81 91 21 91 47 86 20 47 69 72 92 24 38 57 70 51 55 58 22 62 51 49 86 52 96 77 29 86 27 58 35 47 81 40 22 46
68 74 53 84 34 96 48 45 75 90 21 69 38 68 82 69 93 40 89 46 75 94 86 28 94 73 35 43 41 86 68 77 79 68 45 41 69 82 89 66 99 49 100 35 57 27 76
30 22 96 68 64 70 40 76 34 31 24 81 81 37 83 33 29 93 76 31 46 49 22 71 63 97 90 32 83 56 65 32 41 68 80 95 62 62 29 81 59 30 60 22 72 41 59
69 29 39 54 83 27 37 30 29 91 75 95 46 93 58 87 90 62 78 48 55 51 23 35 52 72 76 55 37 29 66 89 84 39 67 39 80 62 79 76 52 61 91 43 31 23 20
99 97 55 41 78 38 88 88 57 43 73 30 90 95 31 100 65 96 87 39 88 73 93 50 80 37 55 76 74 38 39 31 29 67 64 48 96 34 92 53 78 55 53 85 93 22 58
71 50 89 52 24 35 72 95 87 44 29 93 71 35 91 56 46 92 90 36 91 62 51 59 59 38 41 32 71 69 93 99 42 55 35 96 94 74 22 27 54 91 47 84 75 87 55
92 60 58 60 86 71 55 84 21 44 59 95 67 79 34 66 88 34 49 24 99 32 93 38 68 51 78 31 97 25 80 70 98 82 25 99 71 82 32 80 66 50 86 61 94 61 74
44 81 75 90 98 70 57 61 82 77 81 20 41 88 80 50 96 88 22 42 26 49 49 73 79 24 20 25 51 47 21 70 70 43 33 81 25 23 41 61 76 57 39 99 35 22 60
55 23 39 80 98 86 96 40 88 35 81 65 43 41 56 28 92 48 78 74 48 86 97 60 100 41 68 41 65 33 27 25 53 44 80 64 78 98 50 20 39 77 52 34 86 94 55
98 36 41 77 77 87 92 89 91 76 92 89 34 30 56 100 90 52 98 60 23 83 21 43 53 89 71 62 65 86 83 54 95 100 26 30 65 99 50 58 58 66 43 30 57 53 20
56 33 81 90 49 20 43 62 81 88 73 47 23 84 54 87 30 46 88 42 86 86 25 48 62 48 46 92 27 25 71 30 82 24 75 59 53 25 77 79 88 55 28 21 88 29 95
38 58 73 77 22 62 60 43 39 90 58 31 26 27 30 87 49 89 65 70 32 32 59 45 31 66 45 57 50 84 25 81 35 95 51 65 80 81 91 55 83 91 69 32 90 20 68
39 49 49 97 41 28 75 61 96 63 96 26 21 33 40 51 72 60 56 43 98 67 86 30 29 44 32 97 84 97 21 24 91 53 20 74 70 24 73 91 27 53 24 35 69 21 78
41 29 74 83 61 57 41 45 43 78 42 55 74 34 55 21 58 71 72 32 42 32 36 79 90 76 40 92 66 74 58 82 60 46 28 79 68 44 66 31 62 94 99 38 89 26 35
44 59 45 41 53 96 81 96 97 58 22 100 78 43 20 92 74 96 54 44 62 77 44 43 54 54 75 91 100 72 94 71 28 73 90 88 45 32 23 39 86 78 48 58 93 58 83
99 93 75 75 78 87 71 41 95 60 36 45 99 50 47 57 44 81 64 41 62 61 85 98 53 65 53 64 36 47 75 40 20 97 97 67 86 100 100 27 27 58 83 39 88 40 52
95 32 95 38 23 53 36 21 25 24 52 79 94 97 20 85 42 80 60 25 50 58 69 53 66 80 36 32 93 85 91 64 87 23 24 66 74 56 51 85 72 75 81 61 68 55 81
84 55 65 100 99 21 45 71 98 84 36 90 26 34 54 74 37 86 99 37 100 58 53 67 44 49 28 39 94 85 27 86 87 98 35 67 53 85 37 50 55 43 34 26 76 83 39
23 32 64 73 30 38 98 77 97 76 40 35 84 83 42 69 93 38 24 27 70 79 57 70 83 84 94 22 49 41 57 62 68 93 49 75 63 70 20 56 42 21 84 46 46 52 29
80 43 49 51 99 86 81 72 20 97 68 49 40 98 38 55 40 69 20 79 43 71 86 72 86 80 50 27 77 90 49 31 40 47 96 36 85 32 94 69 23 90 42 88 75 51 91
68 94 42 51 29 80 30 98 87 84 72 44 84 61 48 61 23 27 53 54 71 47 79 20 96 55 60 31 41 83 38 92 52 60 67 71 56 22 94 47 68 98 95 22 75 44 98
22 33 64 22 57 25 98 80 47 76 57 85 45 46 70 41 20 52 93 54 23 81 78 31 65 77 93 79 84 64 100 34 47 65 35 83 27 42 20 93 32 29 70 52 88 74 84
72 55 93 53 66 25 55 57 85 31 55 54 49 76 99 38 58 67 80 60 43 95 42 33 37 53 47 86 27 88 41 25 42 65 76 78 26 45 47 45 84 58 61 32 69 75 100
91 88 38 64 64 65 29 55 85 70 81 72 42 85 100 69 23 39 35 99 67 67 81 62 52 61 87 80 92 43 68 22 97 68 93 78 34 40 89 79 31 71 47 83 35 57 34
