15 44
422
441
208
414
329
458
353
492
437
410
256
300
341
298
400
25 19 10 22 33 18 21 23 15 17 23 15 10 27 21
35 20 24 12 30 24 29 22 10 10 17 24 19 25 22
13 20 30 11 35 20 35 18 32 18 30 34 16 33 19
29 27 25 16 26 27 31 34 21 24 29 11 12 22 22
17 16 32 11 22 25 24 22 16 15 17 11 21 20 26
30 24 21 21 22 11 12 22 33 29 34 19 28 31 25
32 24 34 20 10 35 10 16 21 26 33 19 17 11 11
22 12 23 16 22 30 17 34 29 21 33 19 19 23 10
10 35 18 15 35 10 11 28 26 33 22 28 32 32 16
14 35 29 12 24 24 23 11 15 34 29 32 18 19 21
12 23 25 35 31 21 10 24 16 23 11 23 23 11 22
22 27 31 25 31 31 11 30 28 31 13 24 27 22 11
18 31 23 34 27 10 20 16 13 17 32 10 12 14 25
32 32 18 10 26 10 12 23 11 22 11 34 23 25 25
15 24 17 10 18 33 21 35 16 30 22 14 25 14 21
11 23 23 11 11 15 34 10 15 34 23 11 18 20 34
17 12 35 24 17 27 32 18 29 17 10 11 15 17 16
35 20 12 33 12 14 33 26 21 23 19 28 24 24 31
17 32 18 34 22 34 28 19 17 24 27 20 17 29 28
25 23 21 17 30 30 32 34 32 34 28 24 10 17 24
25 11 12 17 27 33 35 22 12 26 14 24 22 23 17
23 23 25 34 15 32 28 34 22 14 18 17 28 30 21
16 12 25 23 10 24 25 25 12 35 12 13 21 14 23
17 14 33 35 33 26 23 34 30 21 23 10 12 10 23
34 15 13 29 11 25 27 19 20 26 18 35 34 27 34
28 33 12 31 30 26 35 19 22 12 13 17 33 34 30
23 14 27 32 26 21 22 16 16 12 13 30 18 27 17
12 34 13 35 10 31 18 23 32 17 26 17 33 25 27
25 15 23 28 19 31 12 30 28 13 26 11 14 28 27
17 22 28 13 14 33 22 28 16 16 17 31 30 10 32
32 33 17 28 27 17 15 31 32 27 18 34 27 10 13
35 24 29 11 19 20 35 19 13 21 27 28 26 33 28
10 24 35 12 30 19 26 15 15 18 35 33 15 34 13
34 29 20 32 10 14 34 11 23 13 20 34 26 14 15
21 28 33 10 35 32 17 13 11 10 34 31 33 20 20
14 29 35 25 22 13 13 19 14 30 16 15 33 25 34
29 34 33 18 34 32 29 15 28 23 13 18 33 11 20
27 19 10 20 24 25 34 25 13 34 33 15 22 25 32
30 30 15 13 12 18 14 31 31 22 25 25 18 34 16
17 29 17 27 30 32 29 26 34 15 29 10 32 19 12
21 14 18 29 10 10 30 26 19 17 19 26 24 31 33
31 18 35 25 12 29 28 31 32 12 12 16 19 11 18
16 25 12 16 27 26 25 14 34 20 34 30 33 11 32
20 13 17 30 16 35 17 21 23 24 15 17 30 35 18
