16 43
267
461
225
221
233
360
414
494
335
298
220
472
357
276
397
278
20 26 32 22 29 10 31 20 32 14 12 19 14 18 22 22
31 14 19 32 28 17 17 20 21 15 24 25 25 33 31 15
33 13 21 25 12 29 20 23 29 19 22 35 30 26 13 12
22 17 14 23 19 16 31 32 29 33 32 10 30 16 19 35
17 29 13 22 16 21 25 35 34 20 31 20 32 31 35 12
12 20 32 22 31 26 16 14 30 28 15 24 30 34 18 25
31 10 11 17 27 13 18 16 35 16 17 10 10 35 13 18
27 22 32 11 17 18 31 27 17 21 16 22 18 23 34 21
20 30 16 26 30 10 28 25 31 15 10 14 15 33 18 27
13 30 32 10 31 33 14 30 31 31 23 19 32 25 10 32
26 33 33 35 12 31 35 10 24 12 17 25 20 11 17 35
19 27 19 21 30 16 11 29 15 10 22 30 12 17 14 27
20 17 10 24 12 33 33 22 17 33 27 15 33 12 14 12
28 18 15 18 22 26 25 15 12 35 24 35 29 10 26 13
11 16 10 16 23 24 13 23 31 22 28 10 10 19 31 24
20 19 17 16 14 28 25 15 29 17 13 35 20 33 28 26
21 26 28 31 22 20 17 14 13 17 19 25 31 16 31 21
25 29 13 34 10 17 19 25 19 14 17 21 17 35 31 12
13 33 35 33 34 22 25 25 13 30 28 27 17 35 24 25
32 11 18 23 17 12 29 17 34 14 12 10 31 20 33 16
15 33 14 17 14 10 24 26 13 23 31 12 28 16 25 29
22 27 31 18 16 14 10 14 16 31 17 34 31 32 22 33
18 29 11 24 19 14 19 30 33 27 31 34 19 12 27 19
34 22 30 17 12 17 16 22 33 31 17 16 18 16 19 35
30 17 35 25 23 25 21 34 32 23 23 32 25 10 34 22
35 23 23 29 24 30 16 29 23 16 18 34 34 23 30 32
16 19 28 24 16 34 17 13 13 33 12 25 14 32 19 29
25 10 35 18 25 34 19 21 21 33 31 27 21 16 31 35
11 26 30 18 27 33 29 15 30 12 21 30 20 25 15 14
23 13 21 25 29 21 17 18 31 33 23 13 16 19 23 34
29 15 28 19 33 28 20 18 19 25 18 12 19 17 17 24
14 24 17 22 28 27 11 29 15 13 14 22 32 30 12 31
16 12 30 14 12 20 22 18 27 29 35 23 29 34 15 21
34 16 34 23 17 25 12 22 15 31 34 20 18 23 13 23
13 22 29 26 17 29 25 32 33 10 15 26 29 21 30 32
29 21 16 25 18 27 25 18 33 28 20 21 19 16 28 12
11 17 16 26 31 13 29 28 13 20 33 32 17 30 34 12
21 19 12 10 33 18 10 26 31 32 16 15 23 16 24 15
24 20 13 11 10 12 20 21 29 11 16 29 14 11 33 29
34 16 32 34 26 33 32 10 20 16 11 12 29 19 13 28
13 33 30 23 14 17 22 18 17 31 18 25 30 28 16 11
12 30 23 21 13 26 23 21 18 13 31 20 15 15 17 29
35 12 10 35 10 22 11 26 32 19 35 35 29 30 18 16
