20 50
399
210
376
451
323
365
479
438
338
368
366
343
316
442
487
444
415
281
310
404
34 18 21 31 22 30 10 25 34 11 35 31 12 12 35 26 25 11 35 35
19 20 20 14 26 32 29 17 15 27 33 10 10 28 24 11 25 28 23 30
21 17 18 25 22 23 21 24 31 33 28 18 11 17 17 13 27 14 32 35
24 34 16 31 20 32 21 21 20 29 10 14 32 16 13 30 19 26 25 11
34 29 23 19 17 17 30 22 13 23 20 14 21 24 24 21 19 15 20 14
13 16 16 21 18 13 18 34 24 26 32 25 11 25 23 14 10 34 25 12
34 33 24 18 20 18 28 27 18 35 35 31 20 17 26 29 16 28 17 25
34 24 19 22 15 10 23 34 18 19 33 31 16 16 24 18 13 28 11 35
28 19 32 32 19 35 23 24 14 12 18 32 12 23 12 14 16 10 32 11
28 20 27 23 22 14 14 11 17 31 19 19 24 35 15 11 35 17 23 30
24 35 18 10 12 25 31 26 19 11 22 13 24 22 33 20 33 10 24 21
13 31 12 15 11 11 27 13 35 26 25 25 17 14 18 17 13 12 21 29
29 33 34 14 21 21 14 15 11 29 13 33 30 14 30 31 13 33 26 12
32 29 19 33 14 29 20 12 20 32 25 27 31 25 16 25 35 29 32 33
29 20 32 28 33 27 35 31 24 15 19 25 17 32 25 18 33 35 25 28
28 30 26 26 15 34 31 20 13 20 18 33 32 17 11 16 12 24 33 11
11 10 31 17 14 13 35 33 13 35 19 22 32 10 15 16 17 12 27 20
34 28 11 29 10 15 33 15 26 15 32 20 35 35 31 14 11 25 21 30
22 23 29 30 18 35 16 30 33 19 10 13 21 20 31 22 30 33 24 15
12 30 30 35 23 13 26 21 27 16 31 29 22 15 33 19 11 23 19 32
27 10 20 31 15 10 25 18 19 18 28 20 28 17 23 21 28 28 10 11
23 15 25 25 10 12 29 19 10 17 18 18 13 23 18 30 27 11 30 10
30 12 13 16 27 19 31 25 21 34 27 10 27 15 32 28 21 15 10 31
32 22 12 33 14 31 14 30 23 33 19 18 19 17 29 21 11 27 27 23
27 12 27 16 32 33 31 17 14 32 22 14 24 11 23 27 21 15 34 10
27 28 26 28 11 14 35 34 15 32 32 31 29 30 13 13 23 31 23 31
17 33 23 26 16 24 26 12 11 13 12 20 26 34 10 18 34 22 25 28
13 11 27 16 31 13 18 34 28 10 30 14 23 20 21 30 31 15 31 23
13 21 20 13 35 13 16 20 16 11 27 21 12 35 29 25 22 34 14 10
30 33 19 18 24 19 34 21 21 11 12 22 31 18 18 21 22 16 18 30
35 19 33 28 20 12 19 15 33 18 33 19 31 35 18 24 15 15 13 11
24 11 32 14 11 35 17 34 15 19 23 29 26 17 19 10 17 35 19 20
32 21 23 17 14 25 26 18 32 14 34 34 16 28 34 26 21 20 13 29
31 24 14 22 23 28 12 30 22 11 26 12 27 13 26 13 32 17 18 19
25 18 15 28 31 26 31 24 28 12 12 14 12 21 19 28 20 27 31 11
17 31 31 21 26 19 34 23 11 20 27 19 34 19 11 29 33 34 26 21
34 18 33 26 22 26 20 23 12 22 35 32 28 18 28 20 17 14 33 30
23 28 22 23 19 30 25 22 14 14 14 16 22 16 11 22 33 10 29 31
25 13 11 21 25 11 11 15 32 12 22 24 16 33 17 12 34 16 27 17
25 29 30 17 22 23 27 19 10 16 23 33 16 22 30 20 18 25 12 25
23 33 27 18 20 25 32 23 16 30 32 34 28 28 21 16 35 15 23 28
16 35 17 31 32 16 35 28 10 29 30 14 19 21 21 25 27 26 26 29
21 25 34 20 18 17 20 31 11 19 25 30 11 13 15 16 20 13 24 25
31 28 16 17 11 26 10 30 32 10 27 31 17 11 12 24 22 28 13 21
33 24 16 29 29 32 30 31 15 26 17 21 17 12 34 35 12 17 19 27
32 13 24 13 24 35 21 11 13 18 20 25 32 15 24 28 16 11 27 32
15 22 32 33 19 34 31 18 23 12 13 23 28 22 21 34 25 21 16 25
17 32 18 20 24 26 15 13 26 34 20 32 14 15 18 14 19 10 17 13
27 33 16 23 14 10 33 29 10 32 31 14 35 17 23 24 19 21 25 14
34 16 21 27 33 34 25 11 14 11 19 23 16 33 10 20 25 12 33 31
