15 46
329
285
453
368
406
285
252
318
281
308
328
390
345
376
321
21 30 32 23 32 22 19 12 24 18 21 21 13 14 14
24 18 18 31 23 25 20 15 34 21 21 30 29 23 31
23 25 11 24 19 33 16 30 18 34 30 22 33 29 21
14 20 32 16 14 15 35 29 35 28 26 18 14 30 26
27 25 11 31 23 20 30 15 10 16 16 21 10 27 10
16 14 10 19 35 20 27 19 29 25 24 32 26 21 19
29 18 10 24 34 14 19 18 31 10 17 35 34 22 24
18 14 18 34 14 32 33 35 35 35 12 16 32 31 12
29 30 26 20 11 23 29 30 25 25 22 24 14 23 16
35 30 18 10 20 15 22 12 21 18 18 15 12 27 27
27 33 32 31 34 17 14 18 18 35 30 31 34 11 26
21 16 18 21 28 10 17 19 13 18 16 16 11 11 31
15 35 21 25 19 23 26 26 29 32 13 27 16 26 20
31 33 10 21 33 19 23 33 13 24 13 29 32 10 33
18 35 26 34 13 26 33 26 21 30 17 10 31 16 27
10 17 15 19 13 19 18 21 30 30 32 17 35 30 23
26 19 12 13 35 15 18 13 10 22 17 10 17 30 29
34 31 11 10 21 35 31 18 11 32 17 23 27 16 11
30 18 10 14 16 17 24 19 13 15 35 20 25 34 12
22 13 28 32 20 30 10 28 33 13 28 30 18 21 14
15 14 16 34 23 32 30 25 24 29 29 24 35 27 30
12 10 14 35 30 15 24 18 33 28 15 16 33 16 19
35 25 11 35 21 25 14 15 28 33 15 24 31 31 13
11 27 18 11 34 17 16 21 30 32 18 24 31 31 26
33 15 34 25 12 19 22 18 17 33 14 18 31 34 26
17 24 11 20 33 16 28 23 32 18 17 22 23 16 25
21 32 13 13 17 34 22 26 18 28 31 35 11 15 13
31 32 23 29 15 18 17 11 23 16 11 10 11 32 16
30 33 16 16 21 33 21 23 34 12 24 18 13 26 28
14 12 27 33 24 15 26 19 24 28 29 23 14 24 15
20 30 28 17 23 25 35 20 30 27 26 30 24 33 28
20 15 32 31 21 22 14 22 28 11 12 30 11 32 20
35 17 19 33 19 21 28 21 27 10 29 30 18 14 17
28 19 29 32 19 24 10 11 18 12 13 24 33 32 11
34 33 17 21 33 17 32 35 15 12 35 20 27 18 21
19 26 23 14 33 25 12 21 12 26 23 33 23 34 10
21 32 26 12 14 21 19 29 35 24 11 22 16 32 25
29 25 13 31 20 22 26 28 13 23 14 11 20 26 12
29 23 29 23 29 32 33 11 20 15 22 34 11 14 14
18 25 32 11 11 30 25 29 14 30 34 30 12 31 23
19 17 34 14 35 30 32 19 12 11 10 13 12 30 30
16 21 10 31 33 28 29 25 35 32 11 10 22 12 18
26 33 14 17 17 15 28 33 29 16 10 32 31 26 25
26 21 25 31 12 18 34 22 13 13 34 35 14 32 15
11 34 27 19 24 17 15 25 21 17 33 31 22 11 26
10 14 17 35 21 34 19 18 12 31 19 11 31 31 21
