17 43
380
278
243
402
264
456
424
371
215
393
381
353
288
339
270
366
234
35 35 22 16 19 12 19 24 30 22 20 32 21 12 17 25 33
28 26 18 20 28 29 11 11 27 34 28 22 21 15 11 33 15
27 26 31 11 29 30 27 12 35 27 23 35 27 15 35 22 33
30 24 29 14 25 28 28 16 28 16 25 23 32 13 21 30 17
22 12 32 24 10 34 21 12 15 15 29 31 25 32 17 21 30
32 25 30 20 20 12 35 13 22 29 11 25 19 26 13 24 24
22 25 29 16 31 34 32 24 18 27 11 18 27 22 15 29 14
34 32 33 32 10 27 23 17 15 21 35 21 24 10 32 33 24
12 22 29 13 19 26 31 35 30 32 27 12 15 11 27 22 27
14 28 25 21 26 22 15 12 21 23 24 23 22 18 17 32 21
12 14 20 16 18 23 30 34 24 23 22 12 30 11 32 33 30
34 21 33 28 17 10 18 28 22 33 24 28 14 12 22 35 23
17 31 25 28 35 20 21 21 35 23 10 24 20 27 12 14 33
18 24 13 22 17 21 24 23 31 16 10 25 30 24 13 15 33
23 25 12 20 35 15 33 30 17 27 34 19 19 24 29 33 17
10 23 10 33 20 12 17 16 31 27 14 11 27 22 11 28 14
31 31 23 22 32 32 32 35 29 27 35 29 18 19 24 33 12
32 10 30 10 10 21 30 33 27 18 18 21 11 13 19 18 22
27 31 20 25 31 30 31 18 16 19 21 30 16 13 12 30 14
35 21 20 34 19 20 27 14 15 28 29 31 12 26 20 25 17
30 27 15 31 27 10 25 21 22 23 21 10 34 24 23 25 17
13 19 11 12 25 34 19 10 12 22 19 31 29 21 19 17 18
13 15 22 30 11 26 27 15 10 32 25 31 26 26 23 11 19
23 34 24 10 11 19 31 14 25 34 21 14 33 33 29 26 34
16 35 13 10 32 24 23 32 32 29 27 31 23 11 17 28 30
18 33 17 31 18 23 10 27 24 32 16 29 27 25 16 16 23
24 34 27 25 13 18 29 26 22 25 35 33 28 30 16 16 24
31 32 32 11 25 16 10 20 12 23 27 30 20 24 15 30 22
15 25 10 30 22 23 35 11 11 24 32 18 32 30 25 21 15
22 25 23 14 13 26 28 32 20 25 23 20 13 28 22 22 27
24 11 31 19 11 22 24 34 23 35 15 15 15 16 15 11 13
25 14 32 29 21 24 17 35 33 18 12 13 17 25 10 11 12
23 12 11 16 13 27 19 35 26 26 24 26 17 17 34 29 26
19 27 18 11 17 31 22 30 12 10 31 17 27 34 30 16 32
10 24 20 21 11 21 12 18 30 15 13 29 17 19 31 10 17
15 26 14 24 22 31 32 35 21 35 11 21 35 12 32 22 20
30 17 23 35 14 14 20 10 13 33 10 20 34 14 35 21 20
23 19 26 18 33 26 10 13 31 30 20 20 32 23 16 18 15
19 19 27 29 20 17 15 33 23 16 27 31 16 35 16 20 15
32 19 33 33 10 20 19 33 27 18 28 27 14 10 15 10 35
21 30 18 35 29 20 21 15 26 18 31 29 31 28 33 12 34
22 17 18 16 24 16 23 22 28 11 24 30 33 14 34 26 15
17 27 30 10 33 31 15 16 17 24 21 27 21 17 32 15 30
