17 52
308
370
394
244
367
209
217
210
301
396
212
244
262
390
364
415
417
34 32 18 10 29 15 10 25 24 32 12 32 21 32 11 24 17
15 20 14 14 11 16 35 30 18 34 27 26 33 23 35 21 24
19 10 34 31 23 31 32 18 20 34 33 33 10 22 31 13 20
34 22 31 10 32 12 27 26 16 25 15 20 21 30 13 14 27
23 28 28 31 35 23 11 12 35 30 27 31 18 20 29 25 24
33 24 13 11 16 14 24 35 30 34 30 29 35 12 10 12 30
28 13 24 12 10 22 17 14 16 30 28 14 17 28 34 11 26
32 15 10 10 14 21 22 21 15 22 29 11 23 12 33 33 18
22 28 29 25 18 28 32 32 33 16 31 30 24 26 14 11 30
29 24 17 27 28 33 21 25 27 22 15 10 32 14 24 11 24
19 19 35 10 16 31 28 21 28 19 32 32 34 32 26 29 28
31 32 27 18 16 20 29 16 11 35 20 33 14 14 13 26 28
14 19 15 16 25 28 33 19 20 16 21 14 29 22 27 15 29
14 15 23 24 33 32 29 14 24 24 35 18 22 32 34 27 29
32 17 32 34 24 26 28 23 17 10 10 30 11 15 33 34 30
16 13 28 15 14 33 30 12 24 15 20 33 24 33 23 19 19
30 13 33 16 11 31 35 15 25 28 30 12 30 32 11 27 10
26 17 12 10 20 30 33 14 32 18 24 20 24 25 31 13 18
31 18 20 10 24 21 25 15 22 31 32 32 19 22 33 11 34
13 12 14 27 21 17 30 28 18 25 22 33 15 23 12 24 21
16 34 11 24 32 34 35 22 32 32 17 35 32 17 13 16 35
27 11 32 28 29 35 28 12 17 24 30 15 27 29 34 31 34
33 27 19 19 14 15 16 21 12 11 35 21 32 30 18 25 29
34 30 18 25 21 16 15 22 12 24 19 19 13 19 14 11 13
10 11 13 10 13 20 25 19 26 14 10 19 24 26 31 29 16
10 13 21 35 26 34 30 30 31 17 16 28 18 12 22 18 21
30 19 21 22 12 22 31 30 27 21 26 16 18 23 29 28 34
12 24 11 33 25 25 16 11 24 21 23 32 17 10 30 31 26
33 14 26 29 18 12 10 29 20 20 10 11 18 18 22 25 34
16 29 28 30 13 24 35 11 21 22 29 13 23 21 30 10 19
10 29 12 34 25 20 24 10 11 19 10 21 24 33 34 30 10
12 22 28 33 27 16 32 12 20 31 14 31 32 24 22 22 19
15 10 32 25 10 20 29 28 12 17 32 23 15 14 18 35 13
16 20 12 22 29 17 23 30 24 26 19 34 22 27 32 32 16
14 17 12 29 30 24 32 23 17 34 23 29 24 13 19 19 33
12 13 35 14 33 31 32 34 34 11 29 14 11 28 17 26 25
13 18 16 23 24 25 35 16 22 30 13 26 23 17 25 10 24
26 19 19 19 27 26 14 31 27 12 17 32 19 15 10 33 32
11 17 19 19 32 16 10 26 13 21 27 16 21 12 24 11 31
35 28 19 18 15 12 25 10 19 13 11 32 18 33 14 22 35
28 33 27 11 33 16 20 17 30 16 31 33 15 17 26 16 18
33 25 10 34 24 34 32 17 25 29 28 20 32 22 24 31 12
34 29 23 27 15 27 12 27 26 33 21 11 35 26 30 33 24
33 33 29 12 33 24 21 28 16 28 14 13 14 27 27 35 22
32 16 10 28 25 20 24 20 25 10 12 10 18 20 18 15 23
27 29 30 15 33 34 21 17 22 10 10 24 31 22 22 25 21
33 17 24 35 30 18 25 27 12 10 18 26 27 16 33 27 27
19 21 29 13 12 23 33 20 33 32 21 15 25 20 15 11 12
22 18 20 26 33 16 23 25 13 30 15 28 29 25 12 25 14
14 15 15 25 22 30 28 16 22 30 26 17 35 13 32 16 25
29 24 21 14 13 34 23 27 31 35 32 12 31 14 20 27 33
31 35 28 31 24 35 31 26 20 10 24 16 34 30 13 14 17
