16 44
362
436
402
238
469
386
444
349
486
409
347
333
301
290
239
482
26 28 23 14 18 29 35 22 28 14 32 31 21 22 28 23
28 14 26 26 35 22 34 21 20 24 22 29 11 22 31 14
20 14 18 12 10 17 20 35 19 26 32 11 29 10 28 31
19 31 25 33 11 12 18 24 11 26 16 10 10 14 26 12
35 35 12 29 27 13 14 34 21 10 16 11 31 31 26 17
35 16 32 16 16 13 11 23 22 19 23 19 13 13 15 27
13 29 35 28 25 22 32 18 33 28 21 10 20 35 33 21
16 14 15 13 27 28 34 18 28 29 30 15 31 33 33 17
35 21 19 24 11 32 31 27 27 13 11 27 17 29 22 21
29 13 24 30 35 33 19 31 14 23 11 28 34 24 12 12
30 16 14 27 25 30 16 11 30 34 14 20 20 10 15 31
19 27 31 32 32 23 33 13 25 32 16 29 18 14 15 11
15 25 14 15 30 18 24 23 33 24 12 26 23 17 18 25
19 27 20 19 18 34 27 30 21 24 14 32 27 10 34 35
32 29 23 16 13 32 31 26 27 17 22 35 28 23 11 27
14 17 26 20 33 31 17 32 28 22 23 26 35 27 33 18
32 10 15 17 26 24 28 22 10 14 10 18 32 25 16 13
19 34 14 17 28 33 19 33 17 26 19 33 17 31 17 27
32 34 31 33 18 23 11 17 18 18 16 11 25 29 15 29
12 11 17 11 31 34 18 34 27 33 17 17 23 21 21 27
15 20 32 11 19 27 10 35 20 25 22 28 10 27 23 14
11 32 14 15 11 15 15 11 12 17 10 29 23 31 34 15
16 34 33 12 32 29 27 17 23 23 14 13 25 17 12 33
30 26 13 30 28 14 20 23 14 15 33 14 31 23 28 15
13 34 16 34 14 22 27 22 20 35 16 13 14 25 22 28
19 18 32 35 25 25 13 22 10 17 30 13 19 31 34 26
32 23 22 22 32 13 22 25 34 13 12 27 34 24 27 17
17 13 15 24 27 15 10 11 27 14 23 18 19 24 16 21
19 16 34 28 27 28 23 26 30 27 21 18 12 32 29 11
21 24 12 35 19 32 31 10 17 29 30 18 31 20 32 23
26 22 28 22 15 26 25 32 15 15 27 32 20 30 25 22
25 15 23 13 30 12 17 11 24 11 10 30 25 31 33 16
35 21 34 31 12 11 26 31 30 30 31 30 32 11 34 33
20 30 29 14 11 18 25 23 17 18 30 28 16 33 26 32
22 28 19 11 26 26 15 29 29 11 25 18 18 33 10 30
17 27 10 21 35 14 18 29 16 30 32 10 22 31 33 16
17 34 31 17 22 20 12 28 29 22 17 12 12 14 11 27
24 17 32 35 14 32 29 26 32 20 29 32 18 33 17 33
18 12 23 31 11 11 29 21 18 21 29 18 34 35 22 15
27 26 24 21 14 30 17 24 19 31 25 17 30 11 12 11
12 18 33 23 23 15 33 18 32 12 10 35 30 18 34 20
24 34 21 12 24 29 25 34 25 11 16 12 13 16 13 30
17 24 31 35 27 11 23 25 11 29 17 32 23 15 21 27
24 13 18 12 17 33 24 21 11 20 33 34 32 22 27 24
