19 57
233
463
487
225
342
390
408
459
432
475
215
372
287
397
458
297
357
437
247
18 15 13 17 17 19 24 15 23 23 22 17 33 17 32 27 18 10 30
12 28 26 20 13 31 21 11 34 26 33 23 16 10 28 15 12 20 24
12 30 17 14 13 14 13 29 16 14 16 13 29 15 13 16 14 22 23
34 26 24 21 22 30 32 18 26 21 31 13 30 14 20 19 13 16 25
25 35 19 27 29 20 10 24 32 23 24 22 24 15 14 17 15 20 19
27 35 30 23 33 23 12 15 19 26 22 14 19 27 27 10 11 15 16
35 26 30 27 16 29 23 32 26 15 32 19 13 25 24 14 15 21 13
12 32 29 20 29 32 24 31 12 16 34 29 35 29 27 31 24 33 15
30 27 27 13 19 33 26 11 26 26 23 25 33 10 19 16 33 33 16
16 25 31 16 20 28 17 33 17 10 27 12 31 30 30 19 14 32 27
24 35 16 12 20 17 20 33 16 23 29 20 28 22 10 13 34 16 15
30 16 12 10 15 29 11 32 21 35 11 22 34 24 32 27 11 27 15
12 33 11 21 20 25 19 12 25 22 14 29 15 35 21 32 35 24 35
14 12 29 24 15 15 17 15 34 16 33 11 32 33 11 33 32 30 23
25 17 23 34 19 26 13 24 26 35 26 20 27 26 27 18 18 20 26
25 19 22 25 33 11 22 19 20 12 32 17 22 21 12 31 17 34 22
22 12 28 28 12 13 19 10 14 17 19 23 31 20 32 25 21 28 16
27 17 11 30 33 30 23 13 22 35 19 21 20 20 20 20 20 33 31
15 22 17 21 13 11 33 34 12 12 16 18 19 21 34 27 19 17 25
19 27 26 19 19 12 23 31 20 20 16 23 25 12 20 30 13 10 18
30 11 26 15 34 23 18 35 24 10 32 19 16 27 31 34 28 17 20
18 27 30 33 13 18 35 27 29 12 27 10 20 23 35 31 28 35 29
30 33 25 25 15 31 35 16 25 33 23 16 26 23 10 25 25 27 34
11 29 30 25 11 16 29 19 22 11 28 11 29 26 24 13 10 27 12
14 34 14 12 26 28 29 14 22 22 30 35 27 29 28 25 24 12 23
22 33 27 31 27 26 22 19 11 15 23 30 22 29 12 35 21 13 12
12 16 16 30 10 17 24 34 18 19 21 14 30 35 19 25 24 15 17
18 16 33 17 15 27 19 14 15 16 21 29 10 14 30 10 25 18 35
21 32 10 20 30 20 33 14 17 27 11 32 20 11 20 31 11 11 10
29 24 15 17 11 29 17 19 21 26 16 11 21 10 33 32 26 18 19
35 16 11 29 16 29 29 28 15 13 10 18 31 31 31 18 25 24 16
26 16 29 16 25 15 14 28 31 21 13 32 12 15 24 24 20 17 35
15 19 27 32 35 20 17 29 11 27 14 23 23 18 31 30 17 23 11
12 12 31 29 31 23 26 15 30 22 12 10 27 27 25 33 29 21 10
15 26 27 33 10 29 13 14 15 21 33 13 29 33 16 20 16 19 13
23 28 23 13 20 22 16 16 19 32 17 25 12 35 19 23 22 34 35
16 29 24 33 23 13 11 13 16 16 34 16 19 33 26 35 12 26 14
35 24 15 33 32 12 31 17 18 33 31 31 34 14 28 33 26 11 22
31 12 21 28 15 34 19 35 21 14 31 15 15 19 15 21 14 25 34
12 12 13 12 27 35 20 29 24 22 20 32 35 20 33 23 24 18 11
32 34 21 32 29 13 19 35 13 30 18 26 34 11 32 35 18 31 21
23 30 10 14 24 11 13 11 27 30 24 18 26 16 31 26 25 17 17
33 27 19 12 14 10 12 30 19 35 27 33 33 12 24 32 32 29 12
10 33 35 30 34 23 18 20 13 13 11 34 13 32 35 33 21 25 35
21 31 12 13 22 28 25 21 24 17 11 10 34 34 24 22 25 29 18
16 15 20 23 16 14 13 24 31 13 28 23 31 27 26 29 34 26 10
15 18 13 30 35 31 34 27 26 10 32 34 34 25 26 15 15 11 28
26 30 12 30 23 26 16 26 35 14 20 18 22 19 14 28 13 29 18
25 19 31 31 22 33 22 26 26 19 15 34 14 12 10 11 31 14 19
23 15 19 18 32 20 32 24 22 13 22 34 19 20 15 10 34 31 35
32 17 23 35 24 12 21 22 22 13 31 34 30 14 28 13 31 11 27
31 17 35 23 22 14 18 18 12 31 17 22 14 33 31 24 33 29 28
15 28 18 26 25 32 35 28 11 23 24 17 31 13 14 34 28 15 26
31 13 31 28 16 21 27 22 22 30 33 29 10 16 22 30 34 10 12
10 10 15 17 10 12 21 26 19 21 28 14 19 13 17 27 23 18 30
30 33 14 18 27 26 31 21 30 19 15 21 11 28 27 11 24 24 35
33 20 16 35 24 10 20 22 25 32 16 24 33 18 23 28 10 14 17
