16 60
372
222
344
319
415
477
226
487
372
213
472
208
328
356
400
272
26 34 32 31 25 22 21 19 15 11 21 10 25 29 19 15
15 26 13 10 15 32 20 21 16 31 33 28 16 19 14 21
23 13 34 16 14 32 29 23 16 28 27 29 33 35 13 28
17 15 10 20 31 32 17 29 27 19 17 24 10 11 25 35
31 20 12 27 35 10 21 11 34 32 14 15 22 14 21 12
22 16 35 23 30 20 33 21 11 25 16 34 21 10 29 11
32 34 14 17 24 29 32 24 26 14 27 13 16 16 29 21
15 18 24 26 14 18 11 16 32 31 25 30 10 15 11 26
15 21 23 22 17 20 20 19 31 10 28 34 24 29 32 35
35 25 24 15 28 32 15 20 23 17 21 28 27 16 14 14
35 17 24 28 19 12 19 30 19 11 11 31 35 31 30 30
19 24 27 34 19 11 14 11 28 19 18 26 16 35 12 15
11 14 25 16 13 21 32 19 19 13 16 16 23 15 31 33
34 27 30 25 25 29 19 34 25 31 34 34 11 13 21 23
10 23 34 23 17 31 22 28 33 11 12 30 11 17 35 19
34 26 15 17 23 28 11 27 14 10 29 34 29 10 32 22
18 17 25 33 20 12 12 16 12 10 16 32 27 11 11 35
22 19 15 18 31 28 17 33 31 10 14 26 18 21 29 29
31 24 18 21 21 16 21 20 29 19 12 35 33 10 31 19
23 31 18 34 21 15 30 31 11 33 12 25 24 13 30 19
24 10 27 34 14 10 21 20 17 10 14 13 16 24 34 20
14 11 26 17 32 20 18 22 24 15 21 28 24 30 28 14
20 17 10 21 32 33 17 11 16 16 18 24 22 20 30 16
22 11 13 34 18 28 27 35 29 14 35 14 34 13 10 20
21 27 16 22 13 16 15 17 23 34 33 13 28 27 28 24
24 18 23 10 16 28 28 14 15 29 14 27 26 28 23 35
32 17 17 18 29 31 33 15 35 18 30 10 29 27 19 10
26 20 12 23 35 31 13 34 17 29 13 28 31 27 12 25
17 11 16 22 21 20 15 12 15 34 11 10 34 25 29 19
19 19 14 31 33 20 27 10 16 34 10 10 28 17 15 16
28 22 23 10 20 15 19 32 26 34 28 29 19 31 32 28
35 13 31 33 10 35 33 29 28 15 17 27 21 34 23 22
10 20 21 14 20 32 13 31 25 21 15 33 12 19 11 22
16 25 12 35 28 14 12 20 28 16 29 27 18 33 28 29
16 12 13 26 13 34 15 35 30 19 12 26 34 35 31 18
33 33 21 30 19 35 32 24 28 18 29 15 33 26 34 21
10 18 11 16 24 34 10 20 12 22 34 25 33 33 21 22
24 24 21 17 20 34 25 30 27 18 32 30 20 18 15 20
19 29 25 30 32 28 19 13 32 21 17 35 25 28 27 23
25 23 15 32 20 15 27 15 16 32 32 20 13 33 30 14
31 24 31 16 11 27 21 19 12 19 24 24 26 23 15 24
32 19 35 10 31 11 34 31 26 28 31 33 18 16 12 20
26 13 13 18 26 30 29 14 11 22 13 32 22 11 32 27
10 21 31 14 11 27 22 12 35 32 14 27 26 25 16 26
10 28 19 10 26 21 25 14 31 31 16 22 23 34 25 10
13 30 35 34 13 24 21 12 29 25 34 28 28 32 18 13
10 32 25 33 23 19 31 32 23 30 20 16 18 32 19 21
20 28 34 15 18 34 19 10 29 22 24 28 32 14 33 13
30 13 34 26 27 12 26 30 23 29 22 19 32 19 12 32
23 10 15 35 17 32 14 23 29 19 29 29 14 16 20 20
31 11 12 29 10 29 11 21 21 28 27 15 20 35 35 25
31 34 20 20 30 35 34 34 27 30 31 15 12 26 23 13
15 10 25 27 11 30 30 27 12 20 24 34 27 20 22 10
17 32 14 29 32 29 11 23 30 34 29 15 10 19 29 13
16 26 17 33 14 32 21 29 15 13 25 13 33 20 21 24
23 19 30 12 28 24 14 16 11 14 26 15 20 26 32 32
29 12 30 30 16 18 28 29 30 12 28 20 23 15 17 11
14 31 33 29 17 30 32 22 17 17 26 13 21 33 31 15
16 34 13 32 32 15 23 13 19 31 27 30 15 22 15 25
19 18 22 26 15 14 11 24 18 20 12 23 23 19 27 29
