19 55
322
340
357
386
253
440
345
394
208
462
201
490
222
375
387
369
455
307
278
31 12 10 10 12 18 13 17 21 31 25 29 26 14 22 33 28 20 23
23 24 31 30 26 35 23 26 34 10 32 29 26 32 23 29 29 21 35
13 26 35 18 22 25 35 28 20 35 19 29 17 11 33 29 13 17 33
15 10 16 12 15 13 28 31 11 22 24 22 14 22 32 18 16 11 23
16 33 33 32 23 12 24 18 35 31 25 15 13 13 25 26 10 21 28
23 12 18 11 13 11 10 23 22 32 34 26 28 15 24 20 29 31 28
20 34 12 19 33 10 16 26 15 28 21 20 25 32 31 34 20 28 15
23 22 16 11 25 22 34 11 34 32 20 13 31 22 30 15 35 26 14
18 26 23 16 34 26 18 22 30 12 10 35 35 16 34 13 31 12 16
27 22 30 35 25 22 11 24 29 22 25 13 21 34 30 35 31 11 30
17 10 12 29 25 19 21 32 33 12 35 31 15 12 31 32 10 16 14
27 27 28 23 20 17 27 28 13 29 10 17 15 29 11 16 32 24 16
28 14 10 33 30 12 20 15 27 33 16 17 34 12 28 35 13 18 30
30 13 35 19 25 21 17 16 35 15 33 35 35 35 13 33 12 16 28
26 14 30 14 30 34 19 13 32 16 35 18 35 33 11 25 16 17 18
29 32 18 32 21 18 19 26 30 19 25 16 31 30 35 26 20 23 20
32 10 15 16 31 21 16 33 25 12 17 11 33 11 32 12 20 23 12
35 14 27 23 28 27 14 16 11 25 14 21 27 25 35 26 19 30 20
35 35 17 21 10 24 35 33 26 26 13 23 14 14 12 22 19 20 14
14 23 18 31 11 27 28 15 12 17 34 15 21 33 10 13 14 17 13
34 10 22 16 17 18 35 33 10 24 19 32 33 25 18 34 25 12 20
14 17 32 28 27 31 30 21 19 20 19 22 35 14 32 21 26 26 13
31 14 21 24 32 17 33 33 27 24 25 20 15 23 20 24 14 27 29
30 30 29 21 23 30 29 14 18 12 32 12 23 30 20 27 25 33 17
22 31 14 31 16 33 21 16 28 23 30 17 30 18 15 11 10 28 34
17 34 31 20 10 27 24 27 21 31 27 21 21 12 10 17 14 28 13
32 30 14 11 32 27 32 26 25 35 34 23 10 34 31 20 18 27 32
19 22 27 25 16 25 18 29 14 22 16 26 27 14 16 26 22 33 30
12 23 33 29 32 23 19 29 24 19 27 32 22 18 26 15 31 23 13
14 33 31 19 27 14 33 10 30 29 22 28 19 20 13 26 14 17 35
19 15 18 19 27 19 23 25 19 12 17 25 13 23 10 18 14 25 22
17 24 23 35 14 35 30 24 34 17 12 16 27 24 19 14 24 22 10
17 30 29 24 26 10 31 34 25 18 18 31 19 21 21 21 18 32 22
35 20 30 33 24 30 20 12 14 18 26 32 18 18 22 35 17 27 18
23 31 13 17 17 17 29 12 20 24 32 29 22 19 24 24 28 16 16
21 35 16 31 15 18 16 14 28 23 34 27 26 18 22 20 34 25 28
32 10 14 26 19 15 11 28 35 29 15 23 31 28 16 32 13 13 26
24 20 31 10 35 30 26 31 30 10 32 22 24 11 34 18 35 13 33
24 15 28 28 10 16 31 32 14 33 22 33 16 25 28 29 27 15 26
26 12 28 17 22 24 17 13 25 15 12 33 23 12 30 12 24 19 33
13 27 24 25 33 23 27 17 15 31 21 16 27 13 35 31 21 35 19
34 30 12 20 21 31 30 33 21 35 12 34 35 33 33 26 21 20 25
13 22 35 31 13 31 22 11 24 25 11 15 18 22 29 29 33 15 20
15 30 13 13 31 22 18 33 32 10 23 29 26 14 14 28 33 31 24
13 15 31 12 20 13 32 32 19 17 31 17 24 22 23 25 23 14 17
34 13 13 11 16 14 31 34 33 34 13 12 32 30 26 24 25 21 12
23 22 30 16 28 16 35 30 16 28 14 31 16 18 11 15 30 33 11
11 19 23 35 10 18 20 26 27 20 31 33 17 31 19 24 22 23 21
11 28 18 11 33 35 17 27 13 13 16 14 11 30 15 31 12 16 10
13 11 18 28 17 27 14 26 11 30 26 26 28 20 23 24 15 28 21
21 24 25 17 21 28 14 11 22 28 33 15 14 27 28 21 32 10 19
20 30 30 17 15 25 15 13 33 31 13 31 12 27 31 22 10 30 21
19 27 22 17 30 35 35 26 16 29 12 27 28 23 28 15 32 24 32
29 23 28 23 16 19 27 26 15 31 34 26 18 14 13 18 33 26 17
12 12 21 25 25 12 23 26 33 22 23 12 34 26 16 19 25 23 25
