18 41
202
251
469
411
250
387
486
363
429
232
209
246
368
245
430
281
410
464
19 18 32 20 27 22 34 30 35 11 25 31 11 16 16 25 14 27
15 28 14 15 14 17 12 31 15 18 30 10 31 32 17 23 19 32
16 19 28 18 35 30 26 24 27 19 35 20 35 32 23 18 14 30
14 35 31 22 35 15 18 15 23 27 19 32 30 26 10 34 27 29
13 10 15 16 21 20 35 21 35 17 19 25 35 19 34 33 30 16
10 31 35 32 22 12 10 10 34 27 17 10 21 28 23 26 20 27
22 34 12 28 35 12 16 22 21 17 34 27 35 27 14 24 28 13
16 17 29 25 34 17 21 23 17 28 25 29 28 31 24 15 23 27
21 25 14 33 33 32 18 15 12 20 30 23 16 19 32 15 17 27
24 20 28 29 35 14 19 15 30 11 17 17 21 19 17 31 18 32
28 30 32 14 13 17 22 17 16 10 29 17 17 12 16 19 15 20
24 12 12 33 35 35 22 10 20 18 29 19 29 19 14 17 16 10
22 24 12 17 15 34 25 32 17 29 20 32 20 20 12 28 29 12
26 34 17 35 28 22 32 26 18 27 30 31 23 22 10 32 31 15
20 10 19 18 12 30 25 15 27 23 22 25 34 18 13 17 13 19
10 24 32 25 18 34 32 12 31 17 13 35 19 25 18 26 35 14
26 30 34 19 22 14 19 21 30 11 11 11 34 24 14 12 32 17
24 20 31 23 32 21 33 33 24 11 19 20 29 35 18 35 19 31
15 22 20 20 23 22 21 32 10 27 11 33 20 21 21 33 18 21
35 14 11 31 26 24 17 18 26 25 15 12 33 25 11 10 19 15
33 13 10 21 34 28 28 22 12 35 27 35 29 18 24 18 18 34
23 22 32 17 30 10 20 13 32 28 31 15 24 12 13 10 20 12
27 24 11 19 33 19 23 30 16 32 10 29 12 25 34 27 29 21
34 13 20 26 13 31 24 29 17 14 29 13 13 22 16 30 17 19
23 15 12 19 14 18 14 11 28 31 16 18 13 25 23 16 20 21
27 17 22 16 12 24 25 34 28 14 35 30 28 11 17 28 35 10
13 31 28 15 23 24 28 14 31 24 25 24 29 32 16 30 27 22
31 13 22 26 15 31 15 20 31 32 10 31 27 28 30 23 10 33
10 26 30 32 32 11 31 20 19 34 23 12 30 34 15 17 19 11
15 28 11 12 15 31 29 11 22 25 26 18 25 16 18 11 28 28
34 17 20 17 15 28 23 35 32 27 28 29 23 20 10 18 28 28
34 33 34 33 20 28 18 35 18 19 33 13 16 33 29 18 32 27
24 33 13 15 21 23 28 24 15 21 15 30 15 30 24 34 11 24
28 24 33 31 35 27 21 13 25 34 26 29 17 14 25 23 25 11
29 19 33 17 18 13 13 27 33 13 35 14 22 16 27 16 15 35
30 26 29 34 19 15 27 26 27 33 14 11 26 21 14 22 22 29
15 11 25 26 16 21 27 23 20 13 17 24 35 32 10 20 19 18
35 15 10 34 34 11 35 31 23 31 15 25 22 30 23 20 11 22
19 18 12 11 34 24 13 34 26 13 13 13 35 28 12 14 19 21
27 24 30 35 19 23 22 16 29 22 16 17 32 11 26 16 11 23
35 23 31 12 28 11 14 14 31 17 32 26 24 28 10 13 22 23
