18 53
221
357
412
402
237
451
329
346
482
210
326
452
301
230
354
357
333
473
16 18 16 17 28 18 12 20 19 29 35 17 25 14 25 34 17 26
13 35 12 10 14 24 34 21 26 24 16 10 11 29 11 29 11 27
20 14 22 15 12 25 19 35 11 11 33 23 23 12 30 17 35 12
12 27 19 23 17 14 31 33 12 29 23 13 30 11 28 29 15 11
27 28 12 33 14 32 31 16 20 30 11 10 20 13 12 24 19 10
27 34 35 35 26 21 17 30 24 22 32 14 25 30 23 18 16 23
28 16 22 35 27 16 28 27 11 32 14 22 19 23 14 35 27 11
11 15 13 29 21 10 18 34 34 11 10 23 31 20 25 27 26 23
31 13 34 18 26 20 29 27 23 14 35 17 14 14 11 17 13 21
14 17 33 11 15 32 26 35 18 33 26 24 26 32 31 24 24 17
10 28 24 21 25 12 22 15 22 22 28 22 22 14 24 23 21 16
25 22 12 34 17 31 22 12 31 18 30 28 19 10 23 15 15 11
15 26 34 10 15 30 20 20 16 29 33 17 24 14 32 16 10 10
14 11 31 24 32 10 15 11 29 12 11 24 30 32 20 32 29 35
32 29 30 13 27 10 23 14 28 25 16 21 13 23 25 10 29 21
31 34 23 10 26 10 31 18 17 22 17 15 28 13 35 11 30 26
16 20 24 25 35 29 32 10 25 30 12 25 16 17 21 26 31 32
15 25 33 34 27 26 27 10 27 10 23 14 20 31 28 25 18 23
10 24 19 17 30 33 30 34 25 14 22 15 22 23 30 18 28 28
19 25 24 12 33 10 31 10 30 33 26 18 34 22 29 31 25 21
23 23 14 31 28 24 18 19 22 19 13 35 33 12 16 26 18 17
32 16 34 17 27 26 18 16 24 11 30 24 20 20 11 15 27 29
23 26 25 27 14 28 21 16 17 31 17 21 13 30 10 14 16 27
18 18 33 18 19 22 29 10 33 19 20 31 24 26 19 29 15 27
15 18 32 10 31 32 11 18 20 35 11 26 16 22 12 11 29 26
19 30 31 32 26 18 12 21 15 16 31 32 25 17 23 15 22 33
29 30 11 25 29 30 16 17 12 17 21 32 22 29 31 31 13 11
10 18 23 33 21 23 15 32 22 24 16 30 19 26 21 12 20 28
14 12 20 30 11 30 31 18 23 35 25 25 22 31 32 33 17 20
29 21 30 22 29 19 19 15 25 26 17 26 14 27 13 18 33 12
14 35 18 19 29 20 21 33 10 16 17 18 27 29 31 34 22 26
31 11 22 29 12 12 15 14 18 21 10 12 25 15 10 31 27 28
20 28 14 26 18 24 13 13 27 26 24 21 20 34 23 28 12 23
10 13 15 30 26 17 29 17 30 12 20 22 10 12 33 13 13 28
18 12 30 24 32 20 30 21 33 23 14 11 31 25 12 31 13 17
19 32 23 33 27 17 15 28 31 13 19 17 15 29 18 32 34 14
20 30 28 34 26 21 30 16 25 12 12 11 34 19 10 18 18 12
14 28 29 25 16 24 34 27 15 28 31 15 33 30 26 22 13 12
13 12 31 21 34 34 35 26 30 18 30 34 23 11 10 17 12 25
22 15 12 21 27 30 31 20 33 26 14 18 12 11 21 20 13 16
34 18 13 13 34 16 21 11 27 31 11 19 31 30 28 25 11 21
30 15 29 19 34 31 26 21 30 10 23 15 33 22 19 26 10 21
23 11 26 32 11 33 16 16 28 13 30 12 21 31 20 33 10 15
33 25 17 17 22 18 13 11 20 17 21 21 32 23 14 23 23 14
29 11 27 19 20 25 14 30 19 18 25 21 23 23 35 17 21 19
12 24 33 28 19 31 34 33 31 10 32 17 10 26 27 11 28 29
20 24 16 22 31 30 15 11 12 35 16 22 33 25 11 21 19 13
24 23 19 23 19 32 22 12 34 17 23 13 35 16 21 32 21 32
16 23 16 32 19 34 19 29 12 14 17 20 34 24 15 34 10 21
31 32 25 13 24 27 22 17 32 33 28 21 11 27 32 17 19 10
29 12 14 22 33 27 20 30 16 13 23 10 18 35 29 16 35 35
22 20 30 29 21 15 22 19 18 30 23 22 10 27 32 16 13 29
31 16 23 34 11 18 35 17 11 17 20 28 30 26 31 30 21 11
