16 60
445
425
237
461
248
455
385
483
211
369
275
254
462
252
267
226
14 35 26 13 28 30 25 35 10 33 16 30 11 18 20 14
17 24 25 21 14 16 26 35 10 22 17 25 17 16 19 14
11 34 27 28 32 10 27 30 33 26 17 18 34 22 27 32
29 20 12 34 34 31 13 31 19 32 33 12 21 25 18 29
29 28 28 32 31 29 20 28 34 11 10 16 24 31 10 34
15 30 19 29 15 27 21 28 10 24 34 30 29 21 22 14
17 24 17 19 24 35 32 16 26 19 31 15 30 33 14 33
31 24 22 28 26 26 20 19 30 14 29 30 26 22 12 19
16 26 19 21 14 21 10 19 14 30 16 28 23 23 16 35
33 13 21 30 22 23 10 26 15 24 29 30 18 29 21 14
12 21 21 32 13 12 23 23 30 31 30 17 26 34 13 26
23 16 28 15 24 34 16 27 33 21 23 21 26 34 29 31
24 24 14 22 15 17 26 32 19 15 23 20 26 31 11 30
20 33 24 33 30 19 27 11 24 10 27 31 21 34 30 20
31 15 28 32 19 29 12 12 31 23 25 15 19 23 25 33
35 13 17 33 22 19 20 19 21 26 17 32 27 28 10 30
16 18 24 20 17 26 14 16 22 18 27 24 32 11 26 21
23 11 25 23 12 32 18 22 35 17 28 14 17 12 17 34
29 12 19 12 19 15 30 33 16 13 23 22 13 34 13 15
21 22 30 17 25 17 14 24 20 28 16 20 25 31 32 34
16 14 32 22 26 28 17 15 16 33 26 33 30 19 30 10
20 34 27 23 31 21 26 16 13 11 35 21 16 14 33 25
18 18 18 10 23 31 23 19 16 20 27 15 26 13 34 23
24 17 33 30 32 15 29 22 14 20 31 16 29 31 34 12
23 26 32 23 20 27 10 12 34 31 18 17 13 33 19 13
12 13 15 34 34 20 13 29 27 23 20 25 19 13 23 13
35 14 28 24 27 23 34 26 22 29 28 18 10 28 35 27
34 22 33 15 31 19 26 30 18 21 32 14 18 32 20 35
33 16 11 11 10 17 11 27 32 32 26 25 14 11 26 16
22 35 35 16 18 35 20 12 11 34 17 24 23 33 13 17
20 18 27 32 23 23 31 10 24 12 34 25 21 11 26 25
32 14 25 35 25 32 29 18 17 18 26 15 14 33 21 21
18 26 24 34 35 11 18 28 10 33 26 16 34 23 13 34
14 22 16 26 17 26 17 13 14 10 20 31 12 19 20 19
35 14 19 34 32 17 31 35 21 11 17 21 24 18 32 29
33 17 17 12 15 30 35 18 16 10 29 14 34 16 25 26
35 17 26 22 20 13 30 14 13 25 22 17 16 34 28 17
32 28 13 25 35 15 11 24 20 17 21 15 33 34 10 35
27 14 11 17 20 33 21 20 28 22 31 16 31 26 15 25
28 24 25 15 30 30 14 16 23 17 30 26 29 35 19 16
20 17 26 28 14 12 30 23 16 18 34 15 13 29 14 29
17 34 17 24 21 14 29 20 23 19 19 12 30 35 31 19
10 34 35 12 16 12 22 35 14 29 13 32 30 16 10 17
20 18 34 17 24 25 29 35 27 28 14 27 14 35 30 35
18 26 32 12 14 12 32 30 29 18 18 17 12 33 28 23
27 12 32 12 12 11 29 14 13 25 27 13 19 24 17 19
12 17 22 30 33 20 27 33 16 14 15 13 19 20 23 24
28 21 10 19 12 14 15 10 31 15 11 14 21 26 18 22
30 33 14 26 31 12 13 15 24 13 25 26 21 12 13 23
29 20 24 28 11 27 21 26 31 25 11 14 28 10 32 19
11 17 15 18 31 32 16 20 18 21 34 23 35 35 32 26
25 14 31 33 34 26 24 32 11 26 35 18 25 22 29 34
30 31 18 10 33 28 10 23 23 20 11 24 12 20 29 21
10 26 18 14 23 16 13 31 15 13 31 34 32 27 29 25
23 21 34 18 22 13 19 31 16 20 13 17 25 21 15 15
31 15 34 21 15 22 30 31 16 23 33 13 18 29 14 15
34 35 21 13 31 33 34 33 11 13 35 33 33 29 30 32
32 13 21 30 22 16 15 21 33 10 22 32 17 23 20 13
20 29 10 25 13 23 19 22 31 34 20 25 20 19 16 10
15 33 24 23 33 17 24 13 33 20 14 23 30 23 35 35
