17 40
487
380
434
456
369
352
322
321
444
451
499
457
351
484
450
222
400
24 14 28 14 32 28 19 22 32 10 34 13 33 16 12 24 18
33 20 11 12 17 17 18 20 17 32 35 21 18 22 13 35 31
17 28 29 16 31 35 31 16 28 28 11 11 25 23 34 22 27
26 30 24 31 13 13 16 12 33 18 28 34 10 24 21 13 25
10 34 12 13 14 30 27 24 19 33 18 10 29 25 34 31 26
22 11 13 19 17 33 33 29 29 12 21 33 20 27 14 19 14
28 26 11 17 25 28 26 16 33 18 30 20 12 33 17 18 27
25 20 28 23 15 11 29 20 28 17 11 24 31 24 22 15 21
29 10 27 34 30 17 13 13 19 10 11 31 21 25 15 19 10
22 11 26 18 17 17 23 18 16 29 18 19 21 28 12 14 15
20 11 14 23 23 16 21 35 11 35 14 18 34 11 33 24 19
33 31 34 14 16 17 13 16 28 32 21 17 10 11 23 27 14
12 21 33 17 20 21 19 26 17 22 20 29 30 14 28 17 24
35 13 16 11 28 31 31 10 10 22 26 35 30 34 31 32 16
17 15 19 34 21 20 20 15 31 33 34 35 21 27 13 26 33
26 10 34 29 25 24 34 29 22 29 26 31 16 26 22 17 16
20 32 34 19 25 19 30 26 23 23 23 30 30 22 22 11 33
26 30 30 29 10 34 26 18 23 16 26 20 10 31 18 34 13
18 18 17 11 10 12 23 15 29 27 33 35 27 26 22 32 30
13 31 24 20 25 18 31 23 25 19 30 11 14 23 19 28 12
12 22 22 16 21 34 29 15 34 22 10 10 28 18 13 17 19
15 11 32 13 25 23 16 11 13 20 16 27 10 22 15 18 26
19 27 29 28 16 11 33 30 29 29 21 33 34 33 26 33 16
28 31 21 12 13 22 27 35 14 27 24 20 35 16 20 12 23
27 13 31 33 28 23 32 23 27 34 11 14 16 34 14 14 33
22 28 30 23 20 22 16 20 26 19 29 16 20 11 24 13 22
21 19 29 23 12 34 10 16 31 30 35 35 10 15 10 18 23
15 17 35 26 13 14 23 15 29 31 18 16 32 32 23 31 22
33 25 11 30 18 16 27 10 24 31 31 25 15 35 11 31 25
32 10 20 11 32 28 15 35 14 35 12 14 25 14 34 17 10
15 25 32 35 21 30 23 13 16 35 28 19 10 27 27 35 24
31 15 22 12 33 35 35 28 16 12 30 16 31 19 17 31 29
12 24 17 11 34 15 11 10 16 13 30 19 32 18 27 11 17
29 24 33 35 26 20 31 23 20 15 23 10 12 25 23 31 31
11 10 33 16 21 35 35 25 29 19 33 22 16 20 23 17 14
13 33 12 13 19 16 33 11 30 32 28 22 31 10 18 24 11
14 20 26 32 21 26 28 34 16 17 14 12 11 22 24 15 26
13 25 16 30 30 13 33 12 25 27 28 13 24 15 34 31 29
18 33 20 28 20 35 12 17 27 11 16 34 31 32 24 28 13
18 29 26 34 25 35 22 15 20 32 24 11 30 22 15 25 23
