15 42
459
369
235
295
350
485
275
409
208
235
450
238
425
350
401
30 26 20 32 11 33 22 32 15 12 18 32 27 15 18
33 35 30 26 20 28 11 31 11 16 18 35 11 23 21
22 11 30 11 28 32 10 14 30 31 17 33 11 23 35
20 17 11 25 20 14 12 12 13 28 34 16 30 11 29
21 23 10 18 10 34 11 18 30 29 15 26 31 15 18
11 19 11 34 30 31 16 29 25 30 10 23 10 20 22
15 18 10 25 21 15 31 21 13 17 12 16 19 12 17
25 19 25 23 13 18 35 30 18 19 27 28 12 35 10
12 30 25 12 22 11 17 18 30 30 10 31 27 31 35
14 23 25 26 31 27 35 21 20 17 21 35 25 20 25
24 22 13 25 32 25 27 30 14 30 26 13 23 17 29
18 17 17 26 35 16 20 26 28 32 35 35 31 28 34
26 21 13 24 33 12 14 23 32 35 20 24 25 30 15
31 18 13 21 21 31 15 14 22 25 30 28 28 30 31
33 20 28 35 12 31 25 20 22 13 13 30 18 34 26
29 26 12 16 21 35 21 11 16 27 14 21 28 16 12
25 14 28 33 11 12 13 28 11 22 33 21 29 28 32
23 10 27 15 30 34 35 22 11 17 14 13 35 35 32
23 15 28 27 27 14 31 21 12 14 30 33 28 33 15
13 18 21 30 27 34 30 35 13 20 21 20 30 18 21
15 19 12 27 17 20 13 19 24 30 18 24 35 18 33
16 20 12 12 15 10 22 12 34 10 32 17 16 10 14
21 30 12 22 14 17 14 25 22 15 34 27 11 20 16
25 28 20 11 11 30 10 16 22 12 33 33 28 27 11
20 10 19 24 26 16 33 19 15 19 10 19 20 26 19
33 27 27 35 25 14 26 19 29 25 33 32 25 34 34
21 35 29 24 32 21 29 23 30 35 21 14 27 25 16
19 12 21 12 26 15 15 19 22 31 17 32 18 11 24
13 32 35 13 23 29 29 33 26 27 17 27 34 10 10
11 22 27 13 11 26 14 12 15 11 21 20 15 19 27
25 14 30 21 18 32 24 29 29 34 19 17 23 22 17
23 31 10 12 26 28 29 13 31 15 12 24 19 35 35
14 15 25 14 26 17 26 29 23 11 21 16 17 11 30
16 22 12 23 11 32 35 10 32 26 18 19 16 17 14
17 18 33 33 23 10 18 29 13 24 31 13 32 30 15
24 13 11 18 14 30 21 15 24 11 18 13 28 14 29
24 33 20 32 35 16 33 29 16 34 30 24 13 30 17
17 31 13 11 23 21 22 16 18 18 25 28 12 25 30
28 10 13 26 29 12 34 10 32 35 35 35 19 28 27
26 18 29 12 21 18 23 11 13 27 11 17 31 30 27
33 33 25 14 13 33 27 19 24 33 35 26 35 10 23
25 29 16 24 35 32 21 22 19 23 18 19 11 26 15
