20 53
266
435
388
475
218
307
244
364
315
387
232
212
218
375
348
207
241
321
438
261
20 30 11 14 12 26 30 11 20 33 31 34 18 28 27 12 16 34 29 10
21 23 17 19 35 33 20 21 32 10 23 34 19 27 23 20 33 20 17 21
29 33 34 15 18 10 25 21 30 21 22 27 20 25 24 19 19 31 19 21
27 14 28 35 35 26 24 28 15 26 31 29 25 12 18 21 25 27 26 22
27 28 12 18 25 16 13 33 20 10 35 24 22 29 12 15 31 34 30 25
20 30 25 16 13 17 13 24 12 28 15 20 24 32 30 28 19 21 35 30
26 19 33 26 21 30 34 17 10 31 21 13 13 20 18 34 12 33 32 22
33 30 10 33 23 15 24 17 34 22 28 33 17 28 12 20 10 28 12 26
26 30 35 20 19 28 15 13 22 26 18 26 10 23 26 22 20 28 11 30
21 28 34 28 11 11 11 26 26 27 21 33 35 28 30 23 23 33 11 21
34 35 17 26 19 29 15 19 26 31 22 10 19 16 15 28 30 35 33 19
12 28 19 12 21 10 30 18 32 30 12 26 23 17 35 30 12 12 13 16
13 21 28 23 21 14 34 34 25 20 18 30 23 30 10 26 29 35 16 35
31 35 12 18 32 15 14 20 31 16 29 20 16 28 28 22 21 19 16 35
32 11 29 22 20 23 29 28 16 25 28 29 10 31 25 20 23 25 24 29
13 24 16 28 10 17 35 25 35 35 32 33 13 28 17 23 28 24 24 31
21 34 30 27 18 34 15 35 19 33 26 23 11 28 34 10 35 27 28 30
16 32 27 15 22 20 18 22 11 14 27 16 16 30 11 15 11 23 12 19
25 29 22 10 26 18 26 30 33 13 12 10 26 31 16 18 25 14 20 16
30 28 31 28 24 12 21 18 17 12 14 11 10 17 31 19 22 25 26 17
29 14 28 14 15 28 26 30 14 26 11 24 24 22 20 29 17 25 33 22
18 32 19 25 18 32 21 32 28 28 33 26 35 25 29 31 21 10 21 12
28 18 33 27 23 14 12 12 33 30 16 29 29 11 35 15 15 30 22 32
26 27 31 34 10 16 19 11 19 30 21 24 27 15 29 17 11 22 20 19
21 13 16 32 17 23 18 30 28 30 20 21 35 23 20 27 15 24 34 13
35 25 19 20 16 30 17 18 20 13 19 29 24 19 24 30 24 28 26 27
27 20 26 17 21 17 31 21 14 16 29 20 29 24 15 14 27 21 19 23
20 20 31 24 35 35 10 23 29 35 21 19 35 34 18 23 29 20 20 33
27 18 16 29 27 30 33 22 11 26 17 17 33 25 24 32 33 11 20 14
33 34 30 24 28 11 22 27 24 19 32 33 16 18 22 27 14 13 33 20
14 24 34 21 16 34 11 24 21 29 12 14 22 28 30 16 35 30 10 27
28 34 28 24 22 32 20 21 17 30 29 29 12 25 15 18 22 19 12 21
35 13 13 16 14 24 10 18 11 11 13 25 17 25 26 31 10 20 12 25
16 15 17 22 33 28 14 23 10 27 10 21 34 26 26 29 32 24 28 23
22 33 15 17 19 20 25 32 35 30 17 28 27 29 17 14 13 26 21 15
10 30 25 11 15 28 18 11 30 31 26 26 21 17 17 25 21 29 18 26
25 30 30 25 16 30 27 20 24 11 35 19 17 21 29 10 35 31 33 12
34 13 11 35 31 22 20 16 28 22 17 21 28 10 12 11 35 29 31 30
21 19 15 21 16 28 11 10 24 21 23 14 11 30 26 34 31 18 27 29
10 27 23 32 10 10 26 12 22 29 29 23 19 20 10 26 33 29 23 28
19 35 12 21 27 28 31 25 11 21 10 17 26 31 23 34 18 22 12 24
19 26 16 16 34 14 15 23 21 11 20 16 35 16 29 18 11 16 32 19
26 26 34 31 16 33 11 33 16 33 31 11 25 11 21 20 32 22 23 13
35 24 18 11 13 25 20 13 12 35 28 28 15 32 21 30 16 21 24 19
27 34 26 17 35 30 20 26 14 20 29 12 28 32 23 18 32 11 27 10
24 34 17 12 24 14 32 29 23 11 35 29 18 16 13 13 23 31 21 20
24 30 10 18 34 26 21 27 11 13 35 12 28 17 23 22 32 28 23 16
30 21 15 12 26 21 26 28 31 33 24 11 28 18 19 14 35 34 27 17
26 28 25 11 24 20 26 22 18 21 24 20 15 12 10 26 12 29 27 22
17 34 32 24 30 31 24 20 29 30 10 16 18 17 11 17 25 32 15 19
23 11 35 30 23 10 20 28 20 31 24 34 21 35 32 33 22 10 29 31
21 14 21 20 35 32 24 27 26 24 13 13 12 28 29 22 11 13 21 23
21 24 13 20 25 34 23 35 19 18 33 27 14 24 35 28 16 26 12 24
