19 46
300
336
282
368
261
340
322
419
482
402
268
447
233
426
267
250
299
478
478
16 21 12 16 20 32 28 16 29 32 28 24 26 30 15 27 31 25 16
24 29 12 34 15 21 26 20 12 11 31 26 11 19 21 34 35 21 10
31 14 15 11 21 16 29 17 12 16 29 23 32 22 21 10 11 17 25
30 21 23 16 28 27 17 10 22 12 20 32 16 34 11 12 16 12 15
13 14 29 35 15 15 32 21 34 30 24 30 30 21 25 23 29 35 12
28 24 27 10 30 26 27 19 32 30 15 24 32 16 20 27 33 25 27
25 24 15 33 16 12 22 12 33 21 20 25 11 19 27 11 10 13 24
33 25 34 24 28 35 11 16 34 12 27 13 28 10 27 12 14 28 31
15 23 20 16 32 21 23 24 22 25 31 25 21 13 30 28 27 29 13
28 18 23 17 35 24 34 35 32 13 15 31 17 20 35 21 19 17 29
18 14 26 21 35 32 11 16 21 12 11 33 22 26 19 21 10 13 14
17 10 25 11 34 30 35 19 28 24 29 11 33 25 23 32 33 16 18
33 12 34 25 10 32 25 34 14 33 19 31 34 16 26 27 26 31 11
12 31 34 13 22 20 31 13 24 27 29 31 15 31 11 20 11 29 28
34 19 24 22 26 11 13 33 33 19 30 19 12 19 15 34 28 14 22
16 24 24 21 33 28 10 23 11 34 23 31 15 11 35 30 17 24 16
16 21 20 14 20 13 32 24 20 26 12 15 21 16 31 14 31 31 13
14 26 26 32 17 33 20 19 21 32 29 15 29 29 20 35 13 23 19
27 24 14 11 15 11 26 33 19 25 26 10 32 29 26 12 30 12 17
20 18 11 23 17 14 16 11 33 34 18 16 13 33 31 24 16 23 20
24 11 24 30 26 16 25 18 20 12 32 27 19 13 25 10 17 10 17
19 24 13 31 11 10 24 31 29 18 19 22 25 17 27 18 28 17 22
30 19 29 30 35 13 11 31 20 22 25 19 22 28 25 13 14 28 32
30 21 12 15 20 16 17 11 31 30 33 10 12 21 17 19 19 28 15
29 10 29 22 26 28 33 28 29 31 11 15 10 29 28 24 23 34 20
29 25 18 20 35 14 22 25 25 30 17 23 28 13 33 26 21 25 13
20 11 33 28 16 12 10 11 35 30 14 12 21 10 33 19 35 23 15
19 22 10 19 15 12 21 15 31 32 31 27 11 12 29 20 10 20 30
16 30 31 24 19 15 15 26 34 26 29 17 18 27 23 22 25 13 19
32 12 11 24 18 25 10 14 14 34 26 12 20 13 23 30 17 10 25
15 14 29 25 19 20 17 14 33 34 26 20 14 21 13 21 22 32 26
31 14 25 11 30 16 35 11 22 28 32 29 18 23 11 35 28 21 11
24 35 11 19 20 34 11 16 13 33 33 34 11 30 30 22 27 15 19
33 22 24 32 22 33 17 35 14 30 17 28 12 11 12 24 32 33 20
16 11 14 28 14 28 16 14 16 26 30 35 16 23 19 16 29 12 11
22 18 20 30 29 19 22 18 30 28 12 19 23 12 12 12 23 31 30
18 15 16 17 30 31 21 23 15 29 16 27 24 28 10 10 18 19 32
23 14 14 21 33 26 31 29 23 16 20 16 17 18 17 11 30 32 15
27 14 12 31 26 10 35 11 28 28 30 34 27 33 24 28 12 18 32
17 21 32 27 16 18 14 33 31 32 11 34 17 15 29 13 25 34 29
35 23 23 15 32 14 17 10 28 31 17 26 12 26 12 10 28 23 23
25 29 29 22 16 18 16 12 24 20 17 26 33 14 10 20 14 22 30
11 10 19 27 28 31 29 35 32 31 29 21 21 28 30 29 21 35 32
15 24 26 35 15 35 16 34 23 21 28 12 25 10 33 12 14 18 23
33 16 20 34 11 35 35 29 14 14 12 13 12 28 11 15 32 16 21
15 13 22 31 27 26 26 17 30 17 13 16 18 31 16 15 14 15 21
