16 55
419
257
320
321
383
338
434
410
335
457
406
316
264
416
310
269
32 18 30 33 34 12 14 10 27 33 12 26 17 20 33 27
17 34 10 35 12 14 28 27 18 33 30 13 14 33 17 18
18 26 10 34 21 33 23 35 16 34 33 16 19 16 35 34
12 21 14 28 31 32 21 31 22 23 31 25 27 24 30 18
29 29 18 14 28 11 25 31 21 19 15 31 18 30 25 16
18 14 16 11 12 21 27 30 24 28 30 17 12 13 19 33
14 22 34 21 19 30 24 15 25 16 11 15 23 22 26 25
32 22 17 26 22 17 16 33 22 34 14 26 17 27 30 34
24 34 17 24 10 34 30 34 33 10 24 19 19 28 22 10
25 31 28 25 15 30 19 24 28 22 27 35 35 10 35 21
11 28 21 34 17 15 31 30 30 11 13 23 14 12 20 27
12 30 17 17 10 33 32 15 15 19 17 22 29 22 27 16
32 19 34 25 16 20 11 30 20 30 30 27 28 31 23 12
32 32 14 35 12 10 27 10 12 15 25 13 15 28 22 32
33 20 18 33 27 10 22 17 22 27 12 30 16 35 22 23
13 10 25 20 11 34 13 28 28 12 26 15 16 18 25 34
16 17 20 18 27 14 21 20 32 20 31 13 24 13 16 28
20 23 11 28 12 15 15 20 12 31 35 11 20 20 30 30
15 20 32 17 32 19 15 10 34 19 21 27 30 10 10 30
22 32 16 29 12 28 23 30 13 18 30 34 10 22 32 13
16 11 15 29 31 20 35 24 29 25 23 10 16 10 13 35
30 21 11 32 21 25 21 13 23 14 33 16 30 28 17 34
26 31 31 22 12 15 28 10 21 24 13 34 10 16 11 30
16 27 21 14 24 10 11 21 19 18 33 33 32 33 21 23
15 13 14 13 24 32 23 30 19 22 31 31 26 26 21 35
18 34 21 14 26 34 30 10 11 22 34 21 34 35 19 24
32 21 26 33 23 10 19 19 24 13 29 31 12 10 18 34
26 17 28 34 33 19 27 23 29 22 20 15 15 17 31 19
12 33 32 25 31 21 23 26 32 25 20 18 34 24 21 13
30 30 27 29 17 29 33 10 31 25 17 25 12 19 15 30
17 23 14 16 25 29 20 20 34 33 27 26 26 19 17 33
10 24 21 15 10 28 28 35 29 26 11 14 12 29 30 32
11 17 13 33 17 27 31 26 21 11 30 30 11 34 35 34
34 34 33 17 27 35 15 21 20 10 26 16 28 28 22 25
31 35 30 23 12 23 14 32 18 29 14 25 14 11 29 13
28 22 21 26 35 10 31 15 16 14 14 14 15 19 15 27
10 34 19 31 34 22 27 11 29 18 17 31 19 17 18 20
13 13 34 33 21 24 23 10 23 18 32 30 13 11 18 18
14 30 23 35 19 32 10 25 15 29 22 28 12 23 27 13
11 29 10 22 12 23 10 12 20 28 18 23 20 18 14 35
20 26 17 31 25 22 21 28 19 30 25 35 16 21 31 11
24 30 17 31 23 26 21 28 19 35 19 11 24 32 13 31
15 35 26 24 29 26 18 19 21 26 25 26 14 21 13 14
16 22 35 16 21 10 21 32 16 10 33 13 29 33 11 21
15 14 16 21 34 10 14 30 18 13 24 25 34 22 32 13
20 31 34 27 33 34 23 33 29 13 16 33 16 29 20 34
26 11 18 34 18 13 14 27 19 24 19 11 31 28 28 31
11 24 27 35 13 30 19 20 16 29 17 25 15 10 17 34
31 24 29 35 12 18 19 10 12 18 18 12 25 34 27 12
20 14 26 28 26 29 13 26 18 34 14 16 28 34 31 20
27 20 30 27 21 31 14 30 15 21 30 32 24 15 33 12
19 25 18 22 25 10 24 28 33 25 27 25 10 33 23 16
22 30 25 23 29 29 18 22 13 28 28 30 30 35 13 32
20 12 17 19 20 24 19 20 29 33 31 30 35 13 24 15
15 29 31 31 20 17 25 14 17 13 15 28 28 31 18 29
