16 51
441
407
383
368
448
209
237
246
416
382
290
441
333
237
251
495
15 14 15 14 18 30 33 30 17 15 31 16 34 33 35 30
23 15 33 21 14 19 23 15 32 23 20 31 14 32 18 24
24 11 12 27 23 16 30 29 32 33 11 16 12 18 19 22
24 11 20 14 17 21 30 19 21 23 18 15 21 34 12 25
10 18 28 25 13 11 25 15 32 13 11 21 16 20 16 14
31 26 32 20 12 33 22 22 12 31 23 27 34 16 35 23
29 16 16 32 11 13 21 17 35 24 26 18 28 31 26 33
31 20 26 30 29 11 26 10 18 29 10 13 30 13 29 14
28 20 12 31 18 33 34 25 12 11 13 17 27 28 21 23
34 33 31 25 18 13 10 12 13 28 10 13 29 33 26 11
16 25 26 33 22 28 19 18 23 16 10 23 12 10 30 29
28 15 16 17 32 25 35 10 34 32 34 19 29 15 15 20
35 15 27 18 28 14 34 23 18 34 21 34 16 18 22 24
13 25 21 20 29 35 32 18 17 28 22 11 13 32 31 18
31 14 13 28 30 22 16 16 12 13 24 18 18 30 11 11
24 26 29 10 33 27 25 18 22 28 26 27 10 17 23 21
22 25 10 11 18 32 32 30 14 32 21 29 20 20 29 30
18 34 34 16 18 27 16 31 19 14 26 25 25 19 32 19
12 10 24 25 26 35 14 23 18 30 34 27 27 25 22 33
32 17 24 22 25 23 26 33 20 32 28 10 19 28 14 26
14 25 28 25 27 30 21 33 35 35 30 32 23 15 10 29
11 32 26 20 29 10 28 11 27 13 31 25 31 33 21 16
21 11 23 19 34 30 13 18 19 10 19 30 27 14 25 19
27 20 10 16 18 14 23 10 27 30 17 26 32 26 21 11
19 17 13 31 24 35 21 32 34 30 24 33 24 25 33 18
20 18 30 18 34 18 33 34 14 11 18 22 21 30 35 18
27 11 33 32 32 28 27 18 27 35 22 21 31 31 11 12
18 29 19 34 20 17 12 32 26 16 23 29 27 27 34 29
15 25 14 23 31 10 20 22 20 30 19 25 28 17 32 25
29 21 19 11 17 23 11 20 14 19 27 10 16 19 31 23
12 26 35 26 34 35 25 23 17 16 30 33 12 23 33 19
10 15 32 16 13 29 32 23 31 16 20 25 13 13 35 33
13 17 25 34 16 29 28 35 30 12 21 21 31 22 20 20
33 32 33 21 18 28 14 16 17 23 29 25 26 22 24 19
16 17 23 34 21 31 13 24 35 29 12 13 13 12 33 29
23 33 34 31 13 25 26 15 27 17 24 30 17 16 17 28
25 25 31 17 17 23 34 22 16 28 26 17 32 20 27 23
12 14 12 35 12 23 25 31 35 30 14 18 19 22 14 34
35 26 28 14 34 20 16 22 15 30 23 32 26 10 19 35
34 25 24 23 34 27 17 29 25 35 13 29 10 31 14 12
18 22 11 19 28 12 34 30 22 16 15 19 31 29 32 22
23 20 33 28 33 14 18 35 14 17 27 34 16 15 31 17
17 25 24 15 21 23 25 32 10 27 35 31 17 16 31 12
33 31 33 20 31 22 22 18 20 35 26 15 20 14 10 21
26 11 21 31 31 30 19 30 29 27 18 29 24 25 16 18
17 20 33 30 25 29 35 11 31 31 34 20 12 18 23 35
11 15 20 18 23 10 34 16 15 24 29 21 19 27 13 24
11 29 33 31 19 26 10 30 27 16 24 24 14 16 27 12
33 17 28 22 15 18 25 22 23 27 15 11 21 33 27 20
20 27 26 16 19 15 31 11 10 21 16 14 24 14 32 11
25 24 33 14 20 23 16 32 30 29 14 17 30 19 31 35
