15 50
333
391
381
333
437
232
293
294
465
489
381
325
273
325
305
34 13 20 26 16 21 13 27 35 32 25 24 22 16 29
16 26 10 27 28 15 27 24 33 15 26 14 14 11 13
34 19 10 35 33 32 31 18 22 23 34 34 21 16 24
26 13 23 34 12 10 24 32 10 13 22 14 15 14 10
16 26 25 24 25 13 25 34 23 11 24 15 35 30 35
19 19 27 35 33 33 17 16 26 15 14 10 28 28 13
32 14 18 15 28 26 24 26 25 20 24 11 10 29 24
22 20 35 19 35 12 17 12 18 20 34 20 16 31 27
21 17 18 27 12 31 24 19 18 18 16 27 35 24 34
29 17 10 32 23 30 13 20 12 23 21 18 13 32 21
32 29 23 23 25 14 19 15 21 19 33 15 21 16 19
20 17 13 12 18 30 12 11 18 34 10 32 15 32 18
23 15 20 30 18 21 31 16 10 27 18 13 29 30 34
27 16 22 19 28 24 23 10 12 22 20 16 17 22 21
31 11 19 20 25 22 14 34 20 29 29 32 33 31 20
24 14 19 18 15 15 25 13 23 13 18 33 23 24 25
12 25 21 20 20 19 34 13 13 24 20 13 15 16 29
33 25 30 33 24 17 26 16 29 24 32 26 30 30 14
31 13 22 34 21 23 16 27 26 24 17 33 24 12 18
34 23 26 17 13 28 10 26 25 30 30 35 33 35 19
31 21 14 25 13 16 30 28 14 23 29 27 11 18 28
35 29 33 20 16 27 11 22 35 13 33 30 21 18 21
22 13 12 16 14 15 11 33 24 28 10 31 18 16 30
21 12 27 19 15 15 24 31 32 21 10 13 19 33 23
34 18 30 16 31 32 10 16 11 18 30 24 16 31 12
17 19 13 14 13 10 33 19 18 11 35 12 17 21 19
26 13 24 33 14 25 12 27 11 27 30 11 18 11 18
16 27 29 10 28 33 27 31 28 15 21 26 21 30 26
34 25 35 29 16 25 19 20 20 21 31 26 32 19 15
28 16 31 20 24 21 27 28 31 16 34 24 33 17 23
14 21 17 33 30 26 16 32 35 19 11 26 27 17 29
28 35 10 25 13 25 26 18 18 21 30 31 28 33 19
14 29 13 31 15 30 22 23 24 27 14 24 29 24 10
26 33 14 26 31 16 20 28 27 27 32 29 27 17 26
34 13 32 31 23 26 20 26 23 32 25 26 23 11 28
15 13 12 22 35 20 22 10 16 11 30 19 16 14 29
30 31 23 31 13 25 24 35 22 16 25 27 22 11 17
10 20 11 15 22 34 18 16 18 14 20 22 28 30 18
31 13 18 33 16 14 31 30 10 29 24 18 10 23 19
31 33 14 31 30 35 30 18 23 25 26 17 26 30 20
12 15 33 11 19 20 31 24 17 18 19 14 20 29 20
34 26 32 26 26 17 26 24 28 21 14 22 17 32 14
34 32 20 13 17 15 30 21 14 35 23 10 10 12 19
18 27 19 16 17 28 32 30 33 20 28 26 20 15 16
17 32 30 15 17 35 28 10 30 12 18 19 21 17 10
16 10 35 32 27 11 27 11 18 34 35 21 12 24 27
21 30 18 31 13 11 13 33 35 12 19 24 27 20 28
11 11 24 15 11 11 31 14 13 16 10 19 22 28 25
22 24 26 22 21 22 23 22 34 11 19 17 32 35 21
34 27 22 22 33 13 12 11 16 13 21 22 12 22 25
