16 50
275
212
305
260
487
247
368
332
298
497
287
397
439
290
225
283
12 18 22 20 32 24 26 26 14 31 32 29 23 24 22 12
29 20 26 20 15 31 19 19 11 11 20 13 23 11 22 29
32 25 16 33 28 13 23 26 28 14 19 24 30 26 26 28
20 34 27 15 13 19 31 16 24 28 13 34 20 33 11 22
16 26 31 25 32 18 31 35 18 33 10 17 11 27 10 26
23 34 24 20 27 23 31 32 20 31 34 33 19 34 24 28
20 24 13 12 25 20 15 22 34 15 28 24 11 12 10 20
21 23 31 15 11 20 21 14 10 16 19 16 13 13 17 20
12 22 19 35 27 18 17 14 20 19 17 30 11 24 14 10
30 22 19 12 10 13 18 13 14 35 16 30 33 30 13 19
12 15 30 26 25 33 11 25 22 12 14 26 31 15 12 25
35 35 25 14 17 15 24 32 20 24 11 22 14 16 16 19
17 11 25 10 14 13 24 35 23 16 23 11 18 11 24 27
16 17 16 17 21 31 17 15 35 16 13 18 14 12 10 21
22 22 20 15 32 21 33 20 33 33 20 19 18 13 30 15
30 26 22 11 34 12 12 23 12 25 14 25 35 20 22 10
34 10 11 34 19 18 21 17 10 11 15 31 21 27 21 21
18 10 22 31 34 15 13 16 21 19 20 12 28 16 20 29
13 20 35 26 21 34 17 30 14 24 24 32 29 27 34 14
20 22 17 28 14 32 17 21 27 12 28 28 13 10 17 32
25 22 30 21 25 10 10 14 25 27 27 35 30 22 16 35
15 20 13 12 19 27 17 15 32 28 33 27 34 22 10 29
11 30 29 11 30 30 22 19 23 17 16 32 12 25 25 28
28 22 30 35 25 11 12 21 32 31 33 20 11 27 25 27
14 25 33 23 11 22 16 21 31 13 29 28 21 20 25 27
31 21 23 31 23 24 15 11 24 15 24 30 11 27 29 18
32 16 14 30 15 35 10 28 25 29 10 28 32 19 31 10
22 12 11 10 15 27 32 20 28 21 11 29 29 13 27 10
28 15 20 35 32 24 13 10 30 20 32 23 30 10 15 26
17 28 26 34 29 10 16 24 21 28 24 34 27 18 33 15
20 12 28 32 27 35 35 15 21 28 18 15 35 26 29 19
33 35 33 32 35 27 26 35 20 34 24 16 16 22 32 24
13 15 26 16 10 35 11 22 27 11 19 19 16 33 13 16
20 17 13 28 14 24 32 28 18 23 15 10 11 29 21 24
32 20 24 26 35 28 26 35 20 32 28 22 24 17 11 25
29 21 26 20 22 32 18 24 30 27 35 10 18 14 35 19
18 31 10 11 13 23 10 21 34 34 18 20 12 13 31 34
12 24 25 30 20 24 22 18 32 30 23 24 14 19 24 32
16 30 17 31 20 10 13 24 28 20 26 13 26 27 15 20
18 19 35 33 21 32 28 31 35 13 14 23 22 28 16 27
12 22 11 17 32 23 33 17 26 33 35 24 35 23 14 33
22 14 11 25 15 19 22 30 35 32 35 19 25 21 20 12
14 32 18 16 29 32 28 20 18 32 30 22 34 24 35 31
24 27 31 27 35 10 32 18 23 32 11 24 14 26 14 31
31 30 10 30 21 35 10 16 15 17 10 22 20 23 17 15
33 23 24 23 14 25 25 16 28 28 32 21 34 15 12 28
28 21 13 12 13 17 18 24 26 29 23 27 34 21 21 11
20 17 28 20 16 21 22 27 31 16 15 18 20 23 13 20
21 32 27 15 21 30 27 18 12 10 31 35 29 15 21 23
34 19 31 10 21 26 32 17 23 32 31 17 19 35 14 29
