19 46
269
314
444
435
287
242
451
315
201
297
274
433
385
450
436
461
237
460
296
21 10 13 31 15 31 20 32 15 19 34 22 20 28 27 22 29 18 18
10 22 25 28 27 16 17 16 12 22 29 12 21 10 19 14 31 20 14
29 11 35 12 27 34 28 17 28 17 15 25 33 21 28 14 34 16 15
12 21 27 31 25 14 28 13 12 10 28 33 21 26 17 27 27 15 28
35 14 29 32 22 33 20 31 13 19 25 16 15 15 31 13 30 26 20
34 30 14 19 27 17 35 22 15 13 32 31 23 14 14 31 15 22 32
17 28 30 34 26 34 13 19 18 11 12 21 29 30 16 35 20 19 24
23 34 32 13 30 26 28 18 10 24 35 23 11 24 24 22 20 10 23
17 32 11 16 31 14 30 13 18 32 35 10 35 31 34 21 22 16 26
31 32 28 14 17 31 33 33 10 19 16 12 28 35 15 19 30 11 30
29 27 11 31 34 30 14 16 22 13 20 13 33 29 24 19 24 29 22
27 31 19 17 32 22 13 35 25 30 35 24 13 25 25 25 12 29 20
18 25 11 24 18 14 17 17 20 15 20 18 22 15 29 15 17 19 35
35 33 33 30 20 14 11 34 34 25 10 22 29 20 25 24 22 10 35
27 24 34 14 24 10 13 17 22 24 34 29 10 34 10 22 29 23 13
18 27 34 23 23 29 23 24 25 17 11 13 31 24 25 30 24 20 29
21 30 24 16 24 16 17 26 35 13 33 30 13 31 32 15 10 19 19
10 34 31 20 13 32 26 21 31 20 17 25 25 27 18 17 21 30 22
19 31 16 20 18 22 21 25 35 11 26 14 16 22 19 17 26 25 22
12 28 15 24 11 21 10 29 27 33 12 28 11 28 21 12 22 11 22
32 20 34 32 33 33 22 18 19 15 29 21 25 34 23 33 34 12 30
33 21 29 19 10 11 32 33 14 27 19 28 11 20 19 33 16 18 21
30 15 29 19 23 35 30 27 20 26 16 21 17 33 18 23 32 16 25
14 15 19 31 26 14 13 19 25 13 11 17 17 28 25 20 25 28 21
10 29 10 34 20 32 31 18 13 18 16 24 15 25 22 30 10 15 34
13 26 18 21 24 17 13 28 19 10 16 17 21 15 14 12 22 31 10
15 31 10 22 15 26 19 34 14 10 14 23 27 26 15 24 31 22 32
32 17 31 27 32 22 32 31 24 33 16 16 31 18 27 24 30 10 23
15 33 11 29 31 33 30 22 18 24 16 31 29 28 29 32 18 19 25
28 28 26 33 29 27 28 16 31 27 23 14 17 21 11 19 19 12 14
34 34 29 30 17 35 33 32 20 26 20 22 30 23 13 30 10 13 21
27 22 35 28 33 26 24 21 21 19 23 19 22 17 24 26 25 28 31
10 11 29 13 19 16 14 16 16 21 29 34 10 12 19 27 11 16 23
34 13 23 25 29 30 16 13 27 34 25 29 11 11 17 27 22 12 33
35 23 33 20 14 22 14 18 24 28 16 13 13 24 34 15 28 11 22
16 14 11 19 34 26 31 26 31 11 21 20 26 12 18 27 22 14 25
16 23 26 17 12 15 19 32 18 32 31 29 11 23 13 19 25 32 32
27 34 11 23 16 23 21 19 34 20 21 32 14 15 16 10 16 16 29
11 29 18 35 22 22 25 20 22 17 11 27 11 33 15 20 20 32 11
18 20 15 21 17 19 19 34 30 17 34 27 33 21 29 19 24 33 35
29 23 13 20 14 28 27 33 30 16 31 14 33 29 21 17 11 32 25
32 35 28 35 23 34 17 31 26 24 34 34 20 32 25 10 17 31 17
22 21 19 14 24 29 31 14 16 18 17 15 17 18 33 10 20 34 10
15 32 22 21 10 12 32 23 23 17 16 13 30 22 15 12 22 11 21
22 27 12 29 10 21 17 30 26 16 25 33 20 19 26 24 21 34 18
19 33 15 25 16 33 14 11 18 12 13 30 20 17 26 19 11 32 32
