17 48
385
224
242
297
394
252
470
244
489
364
359
310
329
277
425
456
262
17 35 31 29 23 28 27 30 20 12 10 26 12 14 33 23 17
18 32 26 20 34 22 25 17 25 20 24 32 25 32 24 25 13
12 34 15 26 24 30 14 14 23 19 30 16 32 29 21 31 14
15 15 10 27 33 17 15 20 24 21 25 23 21 19 13 22 33
18 18 10 12 31 30 20 17 27 24 21 16 23 29 29 23 12
12 13 14 14 18 23 21 30 35 29 16 35 32 19 30 32 30
35 32 24 17 32 13 15 11 24 21 25 13 22 15 31 17 12
12 19 23 34 15 27 30 26 35 27 10 22 22 28 20 10 31
29 30 12 20 29 23 26 17 21 13 18 26 11 11 35 19 23
20 21 32 32 22 17 24 10 22 16 25 10 14 29 13 19 14
24 12 26 29 23 15 12 11 20 34 28 24 23 33 18 25 15
26 26 12 21 27 16 10 17 19 18 34 12 25 13 33 24 10
23 34 19 28 10 21 26 21 33 33 35 32 29 10 17 20 10
13 29 12 19 28 25 12 11 22 17 33 13 19 20 23 11 34
33 19 25 14 25 12 14 32 10 31 19 22 21 34 18 25 25
35 21 35 18 18 32 21 29 30 24 24 28 12 20 18 15 30
26 26 24 17 34 15 10 29 18 23 22 11 21 27 24 20 11
31 19 22 34 31 16 20 31 11 12 16 22 29 27 16 16 20
23 19 21 20 23 13 16 27 12 34 31 10 14 30 33 23 14
34 15 19 35 28 11 20 12 28 16 26 16 26 35 11 17 28
23 32 11 28 22 32 24 14 24 29 32 13 20 14 30 34 22
16 32 19 18 33 32 23 11 24 19 25 15 11 29 34 21 19
14 20 26 16 10 23 20 34 28 26 26 17 21 33 34 33 25
26 15 29 29 14 29 17 35 14 30 23 33 22 31 15 20 29
19 35 16 35 21 18 15 16 27 25 29 35 10 19 34 13 23
14 19 35 21 21 12 31 35 27 11 20 23 28 35 22 10 35
22 19 18 32 27 21 20 13 35 23 26 23 13 27 29 10 22
10 26 13 15 13 19 26 10 27 22 31 13 16 20 24 30 10
12 25 32 24 11 14 10 22 31 30 27 32 20 32 28 32 27
19 35 12 24 14 14 20 21 15 16 10 23 19 24 28 33 15
16 32 14 15 11 28 11 22 20 23 13 18 14 21 20 29 27
12 23 24 14 10 34 26 29 32 20 27 14 24 14 16 18 17
11 25 11 14 15 35 32 21 25 12 29 34 14 11 29 14 16
19 12 15 21 17 15 23 13 33 15 28 19 32 28 14 12 27
24 33 11 21 19 35 29 19 24 27 33 32 34 17 20 28 18
10 25 30 15 13 24 31 26 13 20 32 24 10 23 26 16 10
28 17 14 10 14 27 24 30 18 12 20 19 10 34 14 32 27
32 21 17 35 25 24 23 35 25 34 29 14 13 32 11 20 17
20 18 17 23 23 29 11 20 30 35 16 18 30 29 30 23 25
13 25 23 14 35 25 23 21 16 35 32 16 11 24 35 23 12
18 10 11 22 18 18 24 28 11 21 25 10 31 12 24 15 28
35 16 31 14 17 15 10 10 31 18 20 26 24 33 21 14 28
33 22 34 14 32 25 23 35 18 11 15 12 12 14 17 28 23
22 23 28 12 33 34 29 28 10 13 11 21 19 15 34 33 32
15 28 19 28 18 21 27 12 19 18 26 11 30 18 28 11 14
17 22 34 19 25 24 28 25 25 34 10 27 12 10 30 18 24
10 34 24 32 20 25 26 20 20 12 10 24 33 14 35 30 17
11 34 26 20 16 31 22 14 12 34 17 20 16 22 11 29 26
