16 46
375
496
359
236
226
463
396
243
255
433
305
434
445
347
366
441
13 25 16 23 22 24 29 20 28 30 35 22 19 11 25 12
18 12 22 17 11 20 26 23 15 34 34 15 19 14 34 23
24 13 21 17 20 23 13 31 31 24 18 15 25 22 19 28
25 25 15 29 32 16 28 29 23 26 30 15 17 31 33 20
30 13 31 31 10 27 12 17 15 32 12 22 25 16 21 17
31 16 10 35 35 29 13 11 29 10 33 27 15 28 12 20
33 26 31 19 25 14 23 21 19 27 23 25 31 15 30 29
20 17 24 17 13 27 11 24 35 22 22 29 27 34 35 11
25 32 26 18 30 17 14 23 11 24 19 26 29 25 21 17
31 21 22 28 15 32 33 32 30 15 15 18 14 35 12 21
13 13 19 27 13 21 20 22 12 21 11 24 25 18 35 24
13 28 20 27 20 17 17 20 13 18 35 10 34 31 26 25
27 11 33 33 11 25 27 16 29 14 35 27 13 11 19 19
34 14 18 10 10 11 35 13 35 21 19 18 12 32 17 11
20 17 29 32 21 12 23 24 32 12 34 10 15 11 20 29
24 13 28 29 29 27 21 13 17 19 19 12 20 18 11 33
29 10 13 16 14 28 35 23 31 30 27 26 19 11 12 29
33 12 25 14 11 12 30 33 15 34 13 32 17 28 30 13
17 21 10 33 28 30 34 23 13 26 27 22 24 26 15 23
26 28 34 24 24 24 19 27 20 25 17 23 32 14 21 10
32 11 16 31 13 35 25 33 21 17 20 12 22 16 26 22
22 27 26 14 10 10 12 23 25 23 25 24 29 20 12 31
20 17 28 35 20 31 10 30 16 28 15 24 16 26 24 22
11 18 31 32 12 27 32 21 19 23 25 34 14 33 26 14
24 35 34 19 21 32 26 19 26 12 29 32 13 28 22 31
19 26 19 30 34 31 17 29 24 12 27 31 23 19 33 34
15 11 20 13 11 10 30 27 27 24 23 10 11 22 19 18
22 26 27 15 10 23 27 34 30 34 21 10 35 30 15 16
30 11 11 30 29 17 16 12 17 21 34 12 35 20 29 28
20 24 26 33 22 34 25 20 17 24 11 27 14 35 31 27
14 18 27 26 18 22 23 11 14 29 20 14 16 13 13 16
18 23 16 16 13 15 11 13 20 16 19 30 32 29 31 18
16 30 10 10 31 23 25 13 35 34 27 24 35 21 15 16
17 12 27 17 21 14 14 24 15 32 33 16 13 10 28 22
22 32 29 32 20 20 11 24 14 17 18 20 30 28 31 14
35 25 14 23 19 35 26 27 23 21 24 27 24 34 27 32
25 15 16 17 20 33 25 24 15 35 13 33 22 11 20 29
31 30 20 27 24 17 15 32 33 32 17 32 15 34 24 35
15 18 20 34 35 25 16 19 30 23 29 21 18 13 23 16
16 11 14 22 23 33 24 13 20 22 24 34 11 32 30 22
35 27 32 14 14 24 35 34 13 10 26 12 32 22 33 31
33 33 24 22 28 10 25 22 33 17 10 28 17 17 10 26
12 26 10 23 19 17 31 15 22 12 20 27 24 12 33 33
30 23 21 25 10 34 30 20 11 22 32 17 14 10 33 26
35 25 21 24 19 18 25 14 17 16 16 29 28 27 33 24
20 11 33 33 20 22 10 10 31 19 21 23 27 18 27 27
