19 54
487
338
346
302
468
222
344
471
303
229
311
307
432
457
474
390
362
492
222
22 26 13 13 34 11 18 27 34 13 33 21 25 12 30 16 25 10 28
29 23 35 14 27 33 26 15 15 29 35 11 33 15 25 24 25 10 34
29 28 21 15 25 21 16 16 20 30 15 30 25 15 10 30 26 25 26
24 21 32 17 32 15 30 27 25 18 29 31 19 26 30 15 35 14 25
29 26 20 18 22 29 34 22 25 28 14 33 25 28 33 30 26 28 19
15 26 35 15 13 19 29 35 18 12 15 32 33 31 22 35 14 19 13
32 12 33 32 34 34 21 10 22 18 18 14 32 29 23 27 11 13 26
34 34 27 20 11 32 10 17 35 19 33 27 25 24 15 26 35 21 28
12 23 29 20 19 13 30 34 13 19 11 22 12 12 20 27 25 18 22
23 20 34 24 23 11 23 21 25 10 25 34 11 25 12 12 28 17 20
19 30 17 26 28 27 19 23 24 21 30 24 33 31 20 30 14 29 33
18 29 19 21 32 31 35 15 27 27 13 26 30 15 29 10 30 22 16
13 25 33 12 29 30 30 23 32 25 31 31 32 11 34 10 12 21 34
29 27 22 34 30 11 26 32 24 19 11 25 25 18 26 14 21 14 18
22 20 14 10 14 30 14 29 23 26 32 29 22 18 19 15 15 26 28
13 24 28 14 11 27 30 11 27 13 13 35 20 24 28 27 33 21 32
19 27 22 10 26 13 12 28 30 29 12 12 13 10 11 17 29 10 34
18 29 19 22 34 32 34 13 33 20 11 14 28 24 12 13 29 26 26
19 12 33 16 21 11 31 25 25 14 13 14 29 24 19 13 12 17 10
32 15 10 16 29 34 11 18 16 15 19 35 14 18 13 18 21 10 23
33 28 26 20 17 17 31 17 30 16 15 10 10 27 18 13 14 12 14
31 22 12 25 30 31 12 26 10 13 22 33 20 32 32 22 12 19 30
17 14 18 14 28 30 34 29 30 18 16 34 34 25 12 33 15 15 29
10 15 26 22 28 15 33 13 30 31 30 27 28 30 32 15 19 11 25
18 18 17 25 13 32 22 33 17 10 34 26 27 18 21 13 20 33 31
34 21 18 28 32 27 21 22 16 15 21 26 19 24 20 34 11 17 29
25 25 22 32 22 17 12 32 27 18 12 17 27 34 28 28 31 26 14
25 35 20 10 17 20 27 35 17 15 10 30 31 31 12 26 28 10 30
11 23 18 18 31 31 27 35 35 13 27 32 27 31 28 10 32 25 25
33 12 34 32 29 32 17 28 30 14 10 11 15 12 33 11 20 14 10
30 20 26 34 20 12 15 18 30 22 30 19 13 25 30 34 34 22 17
28 33 35 26 31 21 10 17 20 34 28 31 20 27 26 34 30 22 10
15 22 16 19 24 35 32 31 14 28 25 10 16 18 29 28 27 33 26
16 28 22 15 33 18 20 31 21 28 30 29 29 19 15 33 11 29 31
16 15 35 20 33 19 26 14 13 10 32 14 25 20 13 12 26 35 23
35 34 26 17 10 33 16 14 20 10 17 26 31 33 11 23 17 28 11
19 10 15 19 24 20 13 31 28 30 16 29 18 21 22 13 29 35 25
15 16 21 14 30 26 11 17 26 18 28 15 16 14 32 24 31 22 17
35 28 24 26 26 30 31 35 10 31 14 28 20 12 20 23 17 28 16
15 14 33 21 12 29 30 35 29 11 14 31 18 10 34 14 27 33 12
35 31 20 18 19 24 12 15 15 17 27 22 35 26 32 14 31 16 13
12 23 24 29 25 16 19 28 28 14 27 34 18 28 29 16 35 26 19
26 28 16 13 15 10 15 18 30 22 18 12 23 33 21 23 31 15 19
30 14 31 29 14 35 11 21 16 26 34 29 32 33 32 19 30 19 11
27 23 22 30 12 27 28 28 35 32 28 33 10 17 17 15 12 35 19
23 20 27 18 30 15 34 22 31 15 22 11 19 12 33 11 13 23 20
19 15 34 24 13 32 27 21 14 18 17 34 15 17 14 14 20 32 19
31 10 14 24 21 21 14 30 26 31 34 20 31 15 14 12 27 27 10
35 33 23 32 17 26 28 16 30 33 17 19 23 15 33 34 33 23 24
31 34 14 30 24 17 26 32 11 13 29 14 10 26 31 29 21 13 21
15 20 27 30 22 21 16 11 16 28 15 35 33 13 15 22 33 29 25
33 34 35 19 30 15 29 22 30 22 14 13 20 35 28 21 15 10 12
18 11 34 15 15 12 24 32 13 19 31 20 22 28 23 23 26 34 19
23 24 33 31 10 18 21 20 23 16 10 10 31 10 14 27 28 24 22
