16 58
262
416
281
365
284
299
487
213
480
373
391
397
284
481
488
472
10 30 14 11 28 21 22 35 28 22 35 31 31 10 12 17
33 27 27 17 28 31 28 21 18 35 24 21 32 13 28 21
16 35 11 33 12 26 30 13 23 29 34 23 27 32 10 19
15 18 31 15 23 16 31 18 34 17 26 11 27 31 30 34
11 34 17 24 19 34 28 16 11 26 12 18 14 31 27 25
25 29 26 26 12 16 26 28 27 19 35 15 33 22 34 10
13 21 31 11 12 15 18 32 22 23 26 34 35 23 19 30
18 29 18 30 34 16 11 17 17 35 27 32 26 11 35 12
19 28 18 11 14 35 29 21 17 34 18 27 19 20 16 13
29 13 25 31 11 32 15 32 24 27 26 17 18 16 15 15
26 11 26 20 11 21 34 17 10 35 23 27 34 26 27 26
25 23 35 17 18 11 34 10 18 33 15 20 25 18 19 29
23 22 20 18 29 35 30 24 30 26 24 18 19 26 12 26
15 10 34 21 11 15 13 26 28 13 18 25 26 10 18 17
35 29 26 20 21 31 19 23 26 18 22 33 31 14 32 22
28 33 21 10 25 28 17 21 15 16 19 28 20 32 25 33
15 16 27 21 33 14 10 26 23 26 33 19 32 11 29 30
35 35 25 23 16 23 26 18 15 28 26 16 15 19 22 35
12 12 13 24 17 33 20 29 26 33 25 14 32 26 14 10
18 28 35 16 22 28 16 21 20 27 18 25 27 33 27 19
17 24 20 35 34 33 14 11 34 29 29 28 33 35 26 33
24 34 25 11 34 17 10 30 13 14 24 20 12 33 24 31
31 34 10 11 19 11 25 27 26 26 34 10 24 12 30 20
15 25 10 33 33 11 15 28 28 26 22 16 24 28 30 28
28 21 29 20 25 23 10 34 10 29 20 32 28 18 24 25
18 16 30 33 11 20 13 23 16 20 10 17 13 16 27 35
28 33 29 19 33 35 24 28 20 35 18 13 33 29 13 12
18 28 14 10 35 21 34 22 12 34 28 28 17 19 30 27
19 33 35 15 17 16 18 12 23 31 29 12 29 23 28 16
26 17 35 33 16 14 17 19 30 14 24 20 15 29 30 23
24 11 17 28 12 29 19 18 22 25 35 14 13 18 13 29
20 33 16 29 18 15 31 18 30 32 11 30 15 29 25 33
12 22 24 21 34 22 24 23 18 24 19 28 10 23 27 19
21 16 24 15 29 16 22 33 34 33 13 18 24 34 33 12
13 22 28 10 16 19 22 12 23 17 15 35 15 35 11 35
11 34 26 26 20 34 33 13 14 30 32 30 24 27 35 11
20 11 16 30 19 17 17 33 31 27 15 27 27 16 13 14
13 27 34 32 21 32 14 17 17 33 26 19 24 26 11 10
32 20 23 30 14 32 30 15 11 20 10 33 27 28 19 26
24 34 18 12 10 17 26 12 20 24 13 19 28 20 11 10
19 31 26 11 10 20 23 24 14 10 27 34 11 28 29 28
15 12 16 12 13 35 16 22 17 20 11 10 19 31 14 15
10 12 19 26 30 29 17 20 33 35 35 27 34 13 14 31
30 18 25 21 25 21 14 17 22 17 19 24 35 14 14 10
33 35 15 11 31 11 20 35 23 15 15 21 27 35 20 34
30 19 32 27 18 25 23 25 28 14 24 19 34 34 24 34
32 19 31 19 20 14 12 22 33 26 27 14 24 17 30 17
10 32 11 28 15 15 10 16 32 10 28 27 15 28 35 17
18 15 29 24 11 14 33 23 13 35 23 12 35 29 25 18
23 24 33 22 25 24 16 11 25 33 13 10 29 31 31 32
14 18 31 19 13 29 28 31 14 21 28 14 22 25 26 23
34 17 16 35 14 28 28 33 18 33 27 21 15 12 12 35
30 23 12 33 12 18 18 35 12 16 25 11 18 35 35 23
35 19 26 19 22 21 20 23 13 19 29 24 15 28 19 14
31 21 29 16 23 12 35 35 21 28 33 25 27 11 25 18
29 26 35 15 17 19 28 16 23 22 35 25 23 29 11 22
30 26 33 32 30 16 31 33 13 13 13 23 35 17 23 29
26 27 35 30 20 22 30 30 15 29 20 20 12 21 20 11
