15 43
352
382
313
490
373
230
274
259
294
359
379
481
225
292
336
26 15 24 32 19 30 22 17 26 15 13 35 18 21 21
31 19 10 35 15 21 21 33 33 19 13 26 23 22 34
10 20 34 11 11 19 29 16 11 14 31 12 11 11 11
27 24 24 29 13 29 16 19 21 18 31 26 24 30 34
14 33 35 10 32 10 31 21 23 30 11 21 19 33 35
12 19 34 23 25 19 26 35 27 25 20 29 12 24 17
17 21 19 33 15 35 32 19 10 22 34 17 25 11 11
30 12 11 29 25 24 20 15 34 13 20 19 19 15 22
10 28 10 30 13 15 25 23 29 22 12 26 21 30 26
26 35 13 31 24 34 30 20 31 13 25 27 20 28 27
35 29 23 13 32 14 34 32 17 12 12 23 11 20 18
11 25 24 28 31 18 17 30 29 35 35 30 11 20 19
10 18 26 33 25 35 29 16 31 35 32 33 35 32 26
31 23 22 16 10 18 33 13 28 30 27 16 15 30 21
11 23 11 18 21 23 23 23 26 16 27 10 15 10 16
19 24 11 20 15 12 32 21 29 14 11 18 15 21 32
24 30 26 16 30 20 17 18 29 13 27 21 21 29 14
35 16 30 29 19 30 28 22 11 23 16 18 33 26 33
29 25 10 18 15 22 28 30 21 26 19 16 20 34 33
27 26 19 30 30 30 34 16 17 29 19 18 14 10 26
23 21 25 15 18 33 14 27 13 18 10 12 19 26 26
34 31 33 21 14 34 28 10 24 15 24 11 21 20 23
26 16 31 11 22 12 10 33 28 33 34 34 34 24 11
21 19 18 24 25 29 32 34 35 35 34 14 13 22 11
21 30 11 16 34 12 21 14 21 33 30 24 17 14 31
26 15 24 24 34 27 31 31 22 17 21 33 33 33 15
31 31 33 24 21 31 32 14 23 29 34 21 12 35 13
26 21 12 26 16 21 14 34 29 31 10 10 32 20 21
34 12 26 27 20 10 29 11 19 18 34 20 33 34 24
10 17 10 29 21 15 26 33 14 33 32 22 33 28 27
26 35 22 33 10 25 34 17 24 14 21 16 28 26 22
10 34 28 27 16 22 27 12 30 33 35 28 12 27 21
11 16 26 28 21 12 22 31 21 28 24 16 27 19 15
14 11 19 21 27 34 30 25 28 19 26 29 15 16 32
10 12 11 32 30 26 11 23 18 22 13 33 24 28 31
23 23 10 15 24 24 10 30 13 12 29 26 23 13 32
19 24 13 18 20 31 27 20 31 11 31 30 14 14 11
32 23 20 33 32 24 18 14 12 25 14 30 12 35 26
25 19 21 26 17 31 12 28 34 27 14 31 19 34 23
17 32 15 23 17 35 18 26 24 21 16 26 14 18 15
26 12 17 22 31 34 28 23 31 32 30 18 12 33 11
10 24 14 13 32 23 13 14 21 10 27 32 30 10 35
19 20 21 21 29 25 10 23 21 25 33 20 18 26 34
