20 55
486
283
232
461
281
472
417
372
258
458
404
371
330
394
471
341
321
200
398
288
10 13 27 18 24 27 12 19 26 24 10 11 25 34 24 26 27 10 27 19
26 15 35 34 32 10 28 16 22 32 28 19 16 15 34 17 30 25 21 13
16 32 25 29 10 23 11 15 30 26 25 11 20 24 24 26 32 25 13 13
18 17 32 20 32 13 15 35 34 14 17 24 26 15 28 10 21 31 18 22
13 19 26 23 12 15 34 15 23 19 12 13 30 23 29 28 17 21 25 27
13 12 13 26 18 16 24 19 18 27 24 10 19 17 20 31 15 27 24 12
20 20 14 15 15 23 32 24 22 10 25 33 31 10 16 32 24 33 27 23
12 18 30 11 30 10 10 32 11 30 16 22 27 32 21 21 31 21 26 24
18 33 28 13 19 34 12 30 23 25 22 10 26 10 28 30 32 22 26 27
34 11 25 17 10 17 28 12 34 18 17 22 23 25 18 23 22 23 18 35
25 15 26 25 33 28 22 23 33 26 21 10 11 11 28 26 34 11 12 20
31 11 29 22 28 29 18 33 19 34 15 20 35 34 30 23 10 34 24 20
14 30 26 26 25 26 21 16 35 14 21 33 32 10 15 24 17 27 31 19
25 29 10 27 19 26 19 28 25 35 18 19 12 21 12 25 29 24 23 34
10 30 10 30 20 16 32 29 12 32 24 15 24 33 14 32 29 24 13 24
15 28 12 22 32 14 22 32 34 28 24 25 34 13 19 22 29 25 18 16
27 35 29 32 30 32 22 16 29 16 28 18 12 13 19 25 29 26 35 31
25 26 25 11 12 10 23 35 21 18 22 12 33 30 26 30 21 22 21 32
13 15 31 32 25 17 29 35 29 23 31 29 29 30 10 20 11 30 32 29
35 15 20 26 12 17 35 22 31 24 15 30 28 34 27 30 27 10 15 27
23 27 33 30 16 11 25 25 34 31 25 28 25 16 12 30 24 30 32 23
21 25 13 34 18 32 26 18 12 18 33 20 27 28 32 34 11 24 34 16
29 21 17 33 27 24 15 18 16 23 35 20 21 30 20 17 17 10 35 29
19 29 27 28 11 15 31 17 21 11 33 10 23 10 18 13 21 11 27 29
27 16 30 33 19 14 35 23 32 26 14 19 13 26 28 28 18 21 16 21
13 15 10 35 15 32 11 30 19 22 18 24 23 31 23 13 17 11 12 23
19 29 25 18 33 31 23 31 14 10 24 11 12 27 35 22 22 30 10 15
33 25 19 32 14 14 30 21 29 16 16 26 34 31 13 28 34 14 25 34
19 35 35 17 22 34 18 27 29 23 10 21 23 15 17 16 21 28 15 32
31 13 10 28 24 20 31 17 28 30 21 13 27 12 29 10 14 20 30 19
14 28 13 17 28 27 33 15 31 30 33 14 20 22 13 17 30 24 12 23
31 18 20 29 17 23 20 32 27 24 20 12 31 27 32 24 19 34 27 29
25 23 21 28 10 15 12 32 14 34 13 33 29 23 19 31 27 34 33 18
27 26 30 20 24 20 25 15 26 33 26 17 29 18 35 20 32 24 30 25
20 28 32 14 23 22 33 16 13 11 34 35 27 33 19 31 21 23 24 14
24 12 18 15 13 32 25 25 32 11 14 31 34 27 21 29 32 31 21 18
34 11 31 28 27 19 21 27 11 15 15 22 10 32 28 10 23 27 18 17
11 17 11 21 11 26 22 24 34 22 15 21 32 16 16 17 14 19 26 32
10 13 26 16 34 30 23 21 34 28 24 18 24 20 15 17 11 16 35 17
18 30 27 35 27 15 27 33 29 35 23 28 35 28 15 14 21 27 31 34
29 28 29 30 34 29 33 28 17 24 28 17 35 23 24 12 17 22 27 34
12 19 35 21 18 11 26 14 29 33 35 18 14 26 35 13 32 15 20 15
22 20 29 33 17 24 32 25 18 14 32 32 14 25 29 22 17 15 12 14
32 34 22 21 20 18 24 35 24 18 19 23 29 30 22 23 35 11 28 20
14 34 16 33 15 28 16 16 23 27 14 10 34 13 15 15 25 11 19 25
13 31 10 11 17 30 22 25 32 30 23 10 19 25 30 12 10 12 20 27
15 16 18 11 23 29 13 32 27 35 31 23 26 24 23 18 23 32 19 30
29 28 19 23 16 27 27 20 30 18 35 24 18 24 32 16 28 18 18 30
12 29 24 34 23 22 27 32 20 23 23 29 18 23 24 23 32 25 21 20
31 20 18 12 21 23 23 15 16 32 23 14 25 27 33 27 24 28 11 30
14 21 21 11 26 25 14 32 24 10 34 31 11 34 13 27 33 22 30 28
33 11 10 22 15 11 23 34 31 10 19 34 23 11 24 34 19 14 35 11
10 18 33 32 28 29 15 13 24 31 19 10 34 19 10 14 31 14 29 22
24 34 30 29 19 18 35 27 11 19 10 27 32 34 19 15 14 30 11 17
13 21 13 14 10 32 17 27 11 28 26 22 21 30 16 18 20 31 35 25
