16 41
359
411
394
284
467
325
216
259
396
376
325
301
437
386
375
249
10 20 20 34 19 29 33 25 33 16 17 29 18 16 22 31
11 20 17 16 17 10 22 12 26 35 32 12 17 30 26 24
31 16 33 10 21 14 24 30 32 11 27 31 18 15 11 35
21 20 18 15 33 34 14 20 28 33 12 35 35 12 29 27
18 16 10 22 25 29 24 34 15 13 22 24 25 34 19 16
19 13 35 20 19 21 14 23 35 17 18 23 25 32 18 15
35 28 16 15 27 19 18 23 15 14 15 17 28 13 22 12
28 14 15 31 29 11 25 35 18 28 30 14 14 17 34 15
15 13 33 32 33 26 35 26 19 25 34 25 17 22 33 33
31 20 28 20 13 32 16 24 32 32 19 32 12 34 20 25
33 10 29 29 33 34 16 19 13 33 22 19 30 30 10 18
18 34 11 32 21 16 18 16 20 26 16 15 24 14 29 35
30 21 21 13 11 29 34 13 20 10 33 29 21 21 11 23
20 17 17 14 16 30 11 23 20 30 34 16 33 13 27 16
35 18 31 29 31 19 17 24 19 14 14 33 32 17 26 16
33 26 20 35 13 13 16 24 17 29 19 12 23 32 15 14
34 12 29 16 22 22 27 20 21 19 23 27 21 34 32 35
33 31 35 19 16 30 21 10 10 22 15 15 35 16 27 23
25 26 26 35 25 11 14 21 12 14 22 22 13 26 15 14
27 28 33 15 19 27 19 17 19 35 18 30 31 12 18 16
14 18 16 15 33 12 35 20 16 33 12 28 14 20 31 31
13 20 32 26 14 32 35 32 21 17 16 15 12 30 19 19
10 10 22 26 22 17 11 34 35 34 22 20 21 33 11 27
15 26 26 17 35 27 19 32 35 12 31 11 22 26 15 29
34 25 16 35 33 24 18 10 35 22 31 30 17 35 19 11
18 19 29 20 30 24 22 19 30 25 25 18 22 14 18 32
15 30 11 29 24 34 12 24 16 33 26 28 34 13 15 35
28 33 11 29 33 28 18 21 17 25 16 29 20 23 26 35
23 11 29 20 22 15 23 22 28 32 20 24 10 24 10 22
26 14 23 20 10 17 17 16 12 27 26 14 12 19 35 11
13 32 20 11 27 10 26 31 11 27 19 24 17 31 23 26
11 24 18 15 35 35 31 30 15 34 19 32 21 23 31 32
21 29 16 19 17 35 15 18 24 30 20 19 21 32 15 21
30 31 22 21 24 23 16 20 21 10 13 13 33 32 13 27
33 20 24 20 23 28 34 15 26 16 31 29 33 17 31 12
28 23 11 25 28 11 32 24 14 13 13 12 14 11 34 14
25 23 15 31 28 26 23 32 23 25 16 29 21 17 29 16
30 35 20 25 27 15 18 12 25 29 33 10 28 15 26 16
12 22 32 31 26 29 30 25 30 23 25 18 20 12 16 21
17 29 10 28 12 13 35 13 13 20 24 11 28 16 25 23
23 19 30 12 14 35 35 19 19 29 21 26 22 32 28 31
