18 45
456
496
327
306
458
297
311
385
319
390
237
242
436
370
474
284
497
253
23 24 22 33 32 19 18 14 28 27 23 25 15 15 20 30 17 35
34 33 31 20 25 10 31 10 20 13 17 15 19 17 13 15 12 10
16 12 11 29 14 18 16 16 26 35 11 20 22 30 11 32 30 29
25 27 17 31 23 17 32 25 24 30 30 15 25 15 33 26 24 18
13 12 24 13 30 29 31 20 35 25 35 13 32 11 25 14 28 25
16 28 11 20 31 34 34 12 26 25 19 32 14 13 33 19 33 32
35 34 17 14 28 23 32 10 11 31 19 35 18 16 31 20 28 34
33 24 16 18 12 20 31 17 15 14 28 10 33 12 24 14 14 33
33 19 26 28 18 22 25 34 27 26 26 10 19 19 15 30 14 32
25 25 12 26 29 18 13 19 34 19 15 33 19 22 29 31 33 32
11 20 24 15 32 11 30 33 29 14 13 26 30 26 24 23 33 27
35 19 10 30 33 13 10 20 13 13 26 30 31 24 28 24 24 33
33 32 17 20 18 25 20 23 18 13 19 31 31 17 27 20 21 13
30 31 32 13 11 22 16 17 25 18 35 16 19 20 18 20 32 28
33 29 15 11 10 35 16 28 34 19 27 21 30 16 30 23 31 22
17 28 32 34 33 11 30 28 33 24 16 16 21 16 27 27 22 29
19 17 29 32 30 33 20 18 11 29 21 10 12 28 26 14 23 34
18 27 34 20 35 30 16 27 24 29 11 10 26 29 27 14 23 25
12 28 30 21 23 22 11 29 21 30 32 27 16 22 33 18 19 28
33 30 29 27 31 28 34 24 19 31 31 31 15 17 34 24 27 14
12 28 34 18 18 30 27 29 21 18 19 30 16 23 17 26 26 17
28 27 21 23 29 28 13 24 32 20 18 27 30 12 19 23 18 18
35 17 30 10 14 13 19 24 25 32 22 16 18 12 11 27 20 10
22 28 21 34 27 22 35 32 19 24 14 17 25 33 10 27 30 19
25 17 23 15 22 14 18 10 32 13 32 16 35 33 33 21 21 23
12 21 24 30 22 28 14 18 17 10 29 26 19 31 18 35 16 15
13 13 18 33 13 17 30 28 11 19 21 17 20 20 14 12 30 32
27 12 24 10 31 23 10 25 25 35 11 12 14 12 19 26 33 11
16 12 17 16 18 26 16 14 17 20 16 22 14 31 13 12 10 33
26 17 27 14 20 33 11 14 10 18 25 14 35 17 27 10 13 29
32 22 16 14 25 27 35 30 27 11 19 17 27 33 33 13 27 28
21 15 10 30 25 27 26 35 32 20 10 20 31 23 29 24 34 35
13 17 17 33 12 27 13 28 28 23 12 34 25 28 17 11 12 24
20 18 25 22 16 31 21 22 14 12 35 29 26 30 24 35 24 18
35 21 25 31 34 20 18 20 34 18 28 22 11 21 17 20 25 23
35 28 27 23 10 33 14 32 22 21 20 18 16 20 12 34 10 21
14 19 24 24 31 10 10 33 19 17 17 26 19 24 27 27 30 25
22 14 29 17 31 13 25 14 16 30 24 22 20 14 10 11 15 18
35 20 26 13 30 10 19 24 33 12 18 23 10 27 30 35 28 14
33 25 30 29 28 31 12 15 15 26 35 17 25 33 10 34 30 30
21 30 33 35 25 19 22 12 21 13 20 15 12 28 11 17 13 17
17 16 21 16 20 34 21 14 30 25 16 23 19 17 13 31 26 11
11 33 19 23 32 25 26 34 27 31 15 18 20 13 19 27 14 11
27 28 27 28 21 17 27 14 34 19 26 10 12 33 20 28 34 29
34 12 26 30 14 24 15 27 29 26 10 32 15 15 17 27 18 32
